4995
912 -349
-972 -834
-103 -396
-24 -389
946 -326
-501 -838
499 58
852 158
-94 -149
168 34
456 -69
-848 666
-807 -666
329 965
-487 -963
-906 -767
524 754
356 179
555 -998
404 471
708 -595
-860 851
42 319
514 74
143 33
882 42
753 -760
-633 -10
-236 759
462 612
-75 624
-457 -318
586 619
651 907
-62 -99
-505 785
394 472
-293 -879
-631 -832
518 905
512 262
483 -697
452 -349
691 -696
335 -737
712 237
-39 -820
-707 -936
797 -222
-958 643
-541 24
-256 -433
-632 349
148 332
870 578
-566 -254
194 253
347 594
907 -322
162 -333
844 -581
790 -772
836 -405
496 41
-614 -877
-866 -883
-285 678
-902 294
-169 -770
-770 -484
154 226
221 926
343 761
442 915
74 -221
597 859
251 940
868 -238
50 75
563 414
391 387
266 -115
310 70
266 -780
-167 121
-614 -113
747 949
-406 -164
853 -728
206 64
997 -190
877 -351
964 337
826 -152
774 -579
248 -444
661 -255
-286 96
-534 -342
-863 378
281 -824
-873 115
-628 -137
-137 157
736 203
-956 -470
-271 164
-585 773
-615 721
-300 33
-492 -340
-834 167
-689 102
-185 -808
547 867
901 164
369 567
237 814
-693 281
416 -669
-730 106
694 520
674 -549
-318 -309
449 -147
-421 -418
-950 -416
-880 -16
-574 462
-205 390
-108 107
582 249
-975 -720
-988 -770
254 26
646 -260
-114 -511
652 51
-255 -34
-213 -615
-218 531
557 -552
907 501
172 -457
299 -823
306 -745
-724 -814
-702 80
344 -950
820 401
-301 -685
781 210
39 -782
764 959
173 955
326 -401
-752 -729
-467 446
-944 -794
-866 -880
677 -370
649 318
-605 636
848 -147
672 982
-965 -522
584 360
-984 -103
921 -277
-300 -900
-899 614
-859 -850
-351 621
-488 1
351 928
-333 -623
725 528
230 -364
476 842
-297 137
76 487
-128 -819
-214 -46
550 956
307 253
109 31
849 790
-413 286
-442 -1000
32 -930
872 640
201 -595
-467 752
-354 999
-855 -79
-132 -329
714 -957
754 -26
-946 -197
407 -421
-707 -374
431 -424
-837 190
-990 -976
520 -471
-422 -960
-750 713
-641 816
-469 920
498 218
-816 508
905 75
-842 -589
-976 213
-504 -229
-427 -520
-911 610
-392 452
577 940
360 760
-643 380
197 -133
-108 -500
207 -747
23 -16
-351 -52
611 -342
606 752
-337 714
-843 -591
414 301
-526 -968
-127 -601
-68 -219
-194 801
227 135
341 428
-120 118
-129 -926
383 104
588 -638
-876 605
-609 -645
-269 -22
-992 305
306 911
570 781
345 -581
-217 -613
-279 258
546 780
506 -402
837 877
-849 585
2 -203
-316 -727
743 710
175 240
-87 208
-286 1
36 -823
-537 338
-986 -368
-186 -548
-552 959
44 519
-581 -170
-435 -364
-209 -832
40 -942
672 283
-605 892
-915 -260
190 -494
473 -55
263 -631
-552 -550
-171 -669
-739 -562
625 -832
-81 -804
610 378
-575 -28
-679 -564
-936 -197
-265 -469
346 -900
990 -524
-149 -851
764 393
947 476
564 182
-328 501
889 -290
-762 -803
740 -697
-237 943
73 480
-33 742
-277 49
-406 -785
-344 431
298 -575
523 567
285 -631
870 -431
336 -155
719 -518
-315 947
-849 -288
-484 -266
-801 288
-912 -974
485 -332
443 954
335 153
342 -162
651 827
202 81
-719 -748
711 415
945 927
780 -979
-210 -416
283 921
-638 -946
945 -693
-649 -528
295 28
952 -641
-373 -134
-897 810
248 699
964 -727
115 445
-535 142
-583 -690
751 -363
866 78
-653 779
324 172
868 -745
727 -542
-479 171
464 997
-381 -462
660 -745
131 252
806 -254
200 -232
955 -398
-180 898
101 -923
81 910
127 165
802 -481
84 74
196 -923
956 -427
669 116
-59 -262
-384 -654
-236 -951
-921 51
-517 -352
964 -25
276 136
402 -812
-838 -442
134 685
278 47
255 -794
692 615
430 -93
-326 -701
445 151
80 -505
542 889
725 -861
-455 869
-496 414
862 -603
585 -576
-285 -83
411 105
389 105
-351 921
-754 391
-738 313
953 818
699 -590
-248 433
844 -102
774 -304
197 483
-367 954
547 -949
825 637
129 -224
854 -206
639 689
814 576
-942 526
-755 450
421 -607
248 613
-785 -660
-702 -649
855 -410
-824 271
-929 873
-606 -347
61 964
-141 940
-337 266
376 428
-695 -164
-585 870
-530 182
-353 -902
-47 783
-426 741
861 -167
194 -735
-390 779
651 -594
112 -67
-982 973
-47 461
-949 994
-537 -409
-779 -687
729 762
524 235
281 849
939 153
-80 128
-668 -193
590 -349
938 35
403 317
80 -397
482 -621
-491 -796
92 -364
525 -646
389 27
-406 461
490 -54
-86 646
845 214
375 -357
-800 -378
-360 -899
-839 22
-196 -904
-854 854
-928 -272
368 829
-816 -19
119 404
-279 30
-848 827
-787 -594
-115 -389
-806 -285
460 857
184 132
691 133
-640 -52
-143 -640
-963 966
113 57
625 264
-974 -417
-88 -578
-217 -526
-425 -398
910 -554
533 881
578 -496
-510 -844
-381 -656
829 150
139 -955
173 256
355 510
85 -702
-289 -884
-528 301
-825 -288
850 204
-373 -71
114 -995
223 -65
-931 790
-129 -909
690 -477
911 -39
557 779
409 364
479 -277
154 -360
809 44
-392 -511
276 -660
849 -558
-311 538
-192 -71
-881 -115
414 -678
-774 153
-718 473
-476 442
-761 -322
467 588
268 268
-291 -268
89 9
-939 477
512 375
401 -35
688 411
-279 -198
-176 -328
-687 426
745 170
826 805
-49 681
329 605
-157 -972
-438 -432
217 -414
839 -570
-272 -618
705 -512
-377 -610
494 -131
146 653
972 -97
-503 655
930 -729
670 -95
503 -324
633 -863
-630 -802
77 184
-78 637
-528 536
307 -578
233 -410
59 930
145 -541
-475 98
46 847
557 160
144 999
-7 -453
857 446
-507 586
-431 -19
-335 -518
914 -161
-174 -849
942 -825
-386 383
-760 177
535 -582
-262 -203
-862 640
130 -238
424 181
-327 -63
-302 221
-679 709
708 -596
919 -329
4 -592
543 262
-423 -331
-450 -320
-989 -236
347 931
-703 -299
286 495
43 231
928 265
-381 257
684 983
-175 -84
-79 216
543 187
238 -676
-277 -855
-88 -106
-42 346
-762 479
-301 -938
-249 -655
486 657
546 210
-528 642
-772 780
-876 374
656 929
-242 -248
-252 563
889 -205
243 321
-351 -496
-192 -346
-515 700
-742 704
-458 -83
-505 -267
588 140
-387 -155
-589 210
-739 220
402 718
137 284
214 977
296 -576
-85 229
-224 741
-59 -548
-74 -973
-799 993
-974 303
-135 -33
-18 -350
-315 523
361 -523
897 372
76 119
923 -760
-152 981
-705 -690
-594 -680
947 653
-439 -951
357 -240
480 -880
-96 -173
-75 -758
668 122
-515 -1
779 301
834 -927
579 848
-517 947
75 -135
-204 764
-535 312
-854 -958
657 857
-644 856
-985 158
-792 111
-156 355
-128 727
-638 -956
563 776
953 -441
85 -201
481 329
639 726
772 503
354 927
-103 -121
660 -159
-98 -596
-632 -501
239 -900
163 992
627 669
574 808
521 281
-78 336
746 -38
302 -452
-208 617
-308 209
-197 818
766 802
772 -117
318 586
-511 -444
693 -253
533 -3
22 -877
-256 -50
-76 131
-951 -250
-83 900
-250 -595
960 -379
101 -210
-770 272
-858 858
0 -574
-66 -779
789 142
-929 91
768 -174
-726 -138
-456 489
505 -460
20 697
-300 -772
71 -390
-590 -3
-378 -983
-716 -392
396 -345
331 216
674 838
-318 -347
-962 691
-195 740
675 -483
-463 -410
-130 -169
431 411
546 219
-883 -372
-877 -317
-586 -796
-891 632
-530 820
64 620
777 235
-385 635
458 525
112 371
-578 -101
359 -657
-10 -999
-162 539
-972 -853
-68 -465
-908 363
293 -687
-478 60
-800 -979
-468 -748
581 -317
194 182
953 -587
-993 -877
620 63
-978 -348
506 -923
-554 977
-183 873
-969 -50
457 539
97 51
446 -905
117 915
684 375
958 503
-244 -642
-812 -241
292 -811
753 262
814 -117
27 255
277 464
625 -700
-807 923
-585 -380
-11 -948
-856 413
719 187
279 452
-342 214
388 243
615 -341
-439 -963
714 -281
-496 -542
912 844
-104 54
830 805
817 162
-659 -287
374 261
-517 369
-324 -496
352 947
-354 876
-931 793
843 121
179 -610
-970 -658
-676 63
-827 -295
442 -594
-990 -839
-30 188
-708 481
-239 -244
875 767
-319 970
937 580
-970 510
487 -867
-682 803
-740 -495
-789 -593
-167 -731
-354 -530
811 347
960 -788
643 547
713 -682
-878 -587
-702 757
445 -479
841 833
-970 -339
771 -296
-981 348
-437 -363
-303 265
-974 -380
933 -133
-24 -469
19 -998
792 -938
919 780
438 -928
815 -817
356 -395
640 -687
-288 74
-527 -657
83 -155
963 -3
-542 328
887 94
-884 649
-325 -872
-219 752
-787 -180
539 0
-742 20
466 695
887 304
437 -582
104 -742
-892 735
125 431
-340 381
270 -209
938 210
-821 -502
-596 -40
-9 -36
-374 -306
-918 664
-578 464
-925 -778
835 315
-91 -900
81 648
658 63
801 -987
-59 -176
573 -450
-952 -722
742 -686
-96 379
29 817
290 -441
-760 833
-455 -884
304 -914
838 950
-886 -251
558 -163
-523 -837
-780 -280
-555 -831
-781 -601
908 -876
850 -352
357 630
-39 -148
-280 344
-403 590
-891 -749
167 -901
5 -700
26 782
-194 947
-828 319
261 283
-61 560
699 -267
-708 207
-354 -967
-601 -213
248 -98
219 108
-627 954
-945 556
3 857
-293 652
920 -818
306 -237
803 -269
257 908
-160 722
-173 733
-901 849
-342 -793
604 -388
401 -606
980 -664
-49 739
-598 -878
460 600
897 85
179 -58
-183 176
-623 126
-21 -828
511 -440
-409 983
337 -659
-442 348
-812 269
-883 801
976 -637
809 435
-575 707
269 577
-49 772
908 527
-275 495
509 175
562 -719
853 -427
-988 759
-577 54
-623 -515
401 665
139 794
125 -798
332 -23
100 996
-437 -954
918 -77
905 361
359 -389
-831 289
102 -85
459 -789
256 778
770 253
-380 -208
-570 -945
244 -115
-746 400
-713 -279
-369 414
184 -494
-984 22
-529 -757
-366 -789
138 -178
-535 899
-156 -841
40 177
761 237
-878 -144
900 501
-434 886
-159 384
819 -177
535 577
-178 -766
952 863
492 785
699 -280
-277 598
948 -854
-349 -264
-555 729
977 -548
-639 -217
-148 -414
-169 -406
166 -392
-606 714
-838 -603
381 -395
-759 -692
487 43
690 -74
-404 765
-507 -700
-679 -118
-791 518
-78 -311
278 -269
538 573
783 -447
-321 -289
-526 661
164 -153
668 -519
-892 989
-835 -878
-881 19
-183 151
-623 -863
-853 186
687 644
-601 -959
201 604
101 -594
-852 -51
673 -545
491 832
-613 -909
-222 -586
339 -669
404 821
-560 895
390 479
445 788
834 749
-861 241
-883 -46
-109 -306
183 -542
727 276
-948 -678
280 -836
219 -596
690 698
530 -143
-198 747
105 289
115 875
-163 22
137 -657
45 -520
424 720
394 197
-968 -302
-97 187
999 735
-793 -864
149 -930
18 95
-831 816
-96 283
756 -33
69 -431
-532 -627
-905 -561
-657 433
-912 -998
664 611
-972 -663
451 -857
679 403
-90 39
188 731
788 560
-270 326
-527 -477
-8 399
-170 -880
-347 -31
572 -521
957 -287
-872 -949
-697 -726
697 -344
-936 -352
-390 556
541 192
-897 861
673 -209
-232 -830
-353 233
835 60
349 -843
-823 -855
-34 820
-343 -605
-181 -241
468 569
448 158
256 247
-859 68
93 -48
-823 -19
-134 -530
-451 -882
774 377
-131 421
492 28
734 636
-670 484
839 994
-423 -326
-627 -709
794 870
-160 -936
791 47
-11 981
802 395
839 -185
407 112
-137 -915
-731 -261
-26 208
700 -429
-481 82
-856 -291
511 407
-900 -838
-127 121
612 863
-805 -752
868 -333
912 444
310 765
318 -230
703 719
283 -869
-724 966
-211 -709
487 178
978 648
-977 503
-984 -638
-243 -250
845 -667
-783 302
328 -451
894 501
240 564
805 -484
-620 785
96 568
108 -508
-806 -318
205 278
-54 -470
-31 8
-951 -276
658 -814
617 807
798 -909
836 471
-310 -553
-111 552
34 -450
149 851
830 644
872 -807
-95 435
-426 -719
131 326
-379 679
-261 -86
-420 496
168 217
541 -474
-380 -130
-87 160
-116 -202
920 214
-34 491
-707 -777
536 744
950 -610
152 686
715 390
-742 -304
-749 18
-688 113
945 146
-150 315
-237 -993
613 -855
128 96
-399 -737
115 -418
-772 541
-311 528
853 633
634 294
166 538
292 -861
800 700
-307 -563
-976 -112
-761 83
875 -208
823 -365
657 -109
-982 421
268 -745
-208 233
766 -119
306 765
-893 529
702 -944
-882 -208
-753 -354
546 -935
-583 -729
790 -750
9 -229
130 110
217 -763
-803 -915
-922 106
-134 -895
-8 -298
128 -568
-336 -652
-937 326
186 -882
-82 171
622 -726
-328 -953
44 648
-184 717
-235 324
475 -881
-591 -630
534 -662
270 -357
-951 -900
-946 535
-368 -378
-200 759
587 -912
907 98
-988 -413
-95 -588
-259 -527
-137 -113
-78 -122
-543 -839
-988 379
449 471
-194 791
-578 -607
-970 21
-399 -428
822 410
164 -745
846 -74
7 839
-722 524
-379 113
81 369
188 1000
426 -367
-431 -455
153 -18
-123 937
-628 -613
-243 -771
-198 851
768 171
-235 -274
-524 -2
-415 10
-454 271
938 -665
761 752
-371 -56
-611 557
782 346
748 -999
151 428
-8 -379
-91 391
13 -263
-790 -648
-762 716
-321 373
-851 847
624 368
315 432
-75 33
-1000 75
345 -555
-235 191
734 419
685 -100
-373 547
613 348
-779 145
-128 -416
-545 -886
-853 -380
-478 459
-317 614
-141 -893
657 -218
635 655
-177 -136
-728 596
-802 777
-989 686
-124 930
-53 -825
-670 -619
456 -125
736 -52
-967 422
994 -339
670 894
-404 730
347 500
-281 -491
109 -865
-406 439
-430 873
-25 215
-204 306
-849 -712
538 614
-144 617
-409 984
-817 571
-930 -778
-451 -281
-68 -303
101 -938
232 862
-425 -768
-754 90
960 980
855 -958
557 -195
-602 108
459 945
119 -593
-320 -458
41 -592
-129 677
72 -825
-300 -859
-418 137
-237 527
-94 38
756 533
660 742
878 587
-733 186
-168 331
809 246
-506 256
338 659
-876 -971
-378 624
644 236
703 669
-478 236
-583 -396
883 561
263 255
528 703
26 -150
65 -145
-411 -854
853 -947
157 -447
-674 662
48 435
-186 497
-30 395
-700 337
-705 421
-740 -439
683 328
-969 150
871 686
-907 838
-114 656
590 -203
982 -306
863 -71
-495 -133
25 -2
-420 -711
-7 682
482 532
-762 321
930 586
762 106
874 -150
-401 -307
966 556
-369 122
451 -678
-321 758
292 235
-817 199
234 560
-884 -545
-967 -820
894 -491
87 257
-858 -474
123 -556
-759 -182
609 -59
788 391
-224 39
-595 -678
-924 -139
-369 835
416 30
-571 -867
-375 233
878 337
-736 580
961 -830
431 -732
756 -937
589 -463
-575 -59
-31 -434
984 7
222 -389
-882 -597
392 345
-833 248
-517 417
939 580
-782 -996
708 -551
739 -430
818 823
-584 -337
624 -631
-424 135
-423 261
-962 -390
-601 900
-894 -751
318 206
-575 -676
-671 -753
817 444
-786 -585
798 -433
-121 196
-401 -935
-540 -134
-317 -1000
443 665
-826 632
-104 -711
31 770
-942 974
-200 -143
412 -770
-123 -212
-860 915
-142 268
-826 755
20 346
558 552
-952 899
386 -342
-456 -928
-538 323
-732 -653
784 118
745 208
-777 -351
738 -107
879 295
507 -30
-220 -294
500 -387
787 22
-848 -579
608 -216
-80 -219
397 -497
391 607
-664 157
222 -634
-274 -497
-18 254
-112 -551
-896 -477
-837 877
-158 -60
955 -23
82 -949
-603 -264
-983 577
-301 72
716 896
-184 984
435 857
-505 331
-397 684
941 141
-102 280
-663 -348
601 -261
295 58
-152 -593
-368 -123
-215 -550
-561 386
-411 -109
-843 -443
611 -675
-546 -440
-932 -574
-853 -975
988 89
-856 -615
-539 -835
359 339
-239 9
-817 -641
361 -897
455 -713
878 659
-314 -348
-443 758
792 -398
375 -121
-324 -481
-618 -355
-813 -184
512 278
635 -607
-732 8
458 -834
254 355
386 340
-789 -17
-792 504
982 206
-623 288
-951 -719
-904 -44
497 -980
330 458
282 527
-578 -97
238 -508
-905 -415
-965 512
985 -652
-836 -824
963 -706
-120 -93
673 45
42 152
912 28
-741 7
-63 -349
422 -650
570 641
807 -122
-92 278
183 -42
-108 796
-596 -129
261 253
625 -606
809 -689
863 -918
-789 646
875 -275
26 619
49 491
633 -716
-621 908
-22 -346
-845 -774
793 -901
-536 -519
-483 74
30 216
450 -864
982 -846
-172 -702
317 -45
-673 -488
452 390
883 812
-197 286
889 412
-711 -489
267 811
-525 -549
-143 438
819 -796
960 590
-485 808
460 478
682 -6
-869 582
57 -871
168 98
-273 -281
529 -296
997 -101
-720 546
-658 829
930 679
559 -540
607 65
-443 1000
-779 -254
432 133
-721 404
283 -153
776 80
-278 895
470 -312
688 850
-713 738
364 -679
-408 789
-920 -657
-975 17
-812 -779
-466 -72
737 734
901 -732
-557 507
194 -776
-511 965
206 647
-795 477
-240 -732
983 -85
-29 -975
329 -183
865 535
-304 324
-100 -259
228 159
231 706
-389 -831
35 -571
-163 -949
-896 -144
-883 -122
-541 911
-383 -179
835 731
-215 92
950 599
959 269
-925 597
-272 579
331 536
704 -22
745 657
-283 -567
463 -275
705 87
-756 -892
621 -569
212 -468
515 369
-579 -244
-682 158
-315 347
-932 -483
161 -784
714 102
236 800
452 68
166 518
787 -351
-162 -885
924 -734
93 817
-414 338
151 -839
-432 -324
80 942
671 -855
-64 282
673 -546
798 -150
-149 480
-572 115
-62 274
499 354
617 870
-309 -602
263 -309
-864 -187
-913 -235
-852 703
612 -209
-620 78
834 -15
798 -384
931 357
285 649
337 -101
-146 -417
-185 -437
372 557
731 -65
-323 877
104 -319
565 736
-96 972
635 715
421 -362
-392 875
-245 72
518 -534
-753 705
301 791
-32 -471
-756 381
766 -995
787 -303
-394 268
-833 -586
112 -3
-359 -33
573 -945
-556 27
522 -454
662 372
211 67
590 -777
648 586
-447 -859
-197 192
-759 -153
-726 -813
898 822
-8 232
-277 554
80 -303
-728 539
654 592
-882 30
576 820
467 -614
-691 -841
-329 -871
777 -560
280 473
-423 445
634 -671
57 689
-657 939
-867 902
-361 -883
-551 490
-381 -275
307 -397
605 310
724 -139
-685 -467
301 -975
-107 933
526 740
-970 501
-58 -213
641 248
627 -668
935 -251
-169 968
953 -382
-349 626
-906 -230
345 -74
929 -847
935 502
-355 -670
567 -786
680 495
775 -841
-350 -296
173 -889
951 -918
812 -218
46 -56
985 146
147 -194
680 390
628 478
270 269
84 -351
728 985
948 -738
-15 226
-141 -454
-761 -826
640 467
176 -966
210 52
-297 280
484 118
-712 474
-60 83
571 -271
445 636
-289 860
-292 768
-930 181
-287 710
-927 590
364 813
238 672
-33 -513
-592 -143
-280 640
741 -864
-502 -508
-353 875
-893 700
-667 74
-425 8
408 926
-856 975
-623 47
291 743
678 -57
178 -19
818 -414
506 -199
997 -814
-310 7
988 600
-721 866
71 -158
-104 -136
-917 -985
-728 373
965 24
-911 -115
-99 651
976 -971
936 -267
-71 -999
81 -264
-493 119
263 104
469 172
-292 -745
567 -291
651 -71
-250 605
-414 -863
236 107
-35 -15
-582 27
586 -516
-274 779
-875 669
721 -453
-141 -655
-605 -707
373 -735
888 189
915 720
-752 898
-852 941
-7 -243
-779 404
902 377
-676 711
-785 735
-648 -723
-771 520
191 -210
-465 -475
623 863
755 -422
-47 349
-48 133
-662 972
636 -855
340 -395
589 -680
341 -689
-480 -125
107 -274
-159 -728
-297 -405
-187 -974
447 511
-401 -116
-955 -905
-788 373
-261 879
95 -283
-721 971
-767 -587
-776 -603
827 194
135 158
438 539
-882 -510
-179 -301
-79 -927
-891 -465
-605 19
-504 -850
-885 134
-208 -343
240 207
29 -586
460 111
625 789
761 -744
59 949
599 -834
-119 851
842 -972
837 -128
692 -194
-587 -964
-850 -151
825 113
-594 -689
437 -563
94 -135
304 374
-494 994
369 504
-812 -605
-205 -731
985 -44
355 602
-983 -883
-615 -854
552 -974
-490 938
-296 315
450 -108
619 720
-215 310
219 -426
-216 -982
718 -206
935 -339
-61 353
881 -42
-746 645
580 -407
420 -942
959 -859
-58 -655
-507 -185
-86 -806
-326 -187
755 889
57 -269
928 900
-486 475
-759 840
917 -738
751 -561
-825 -907
-151 -971
161 -733
-428 991
-657 -770
824 -362
-570 307
-426 -478
749 -217
534 -298
-12 65
-789 -735
-419 -921
-774 518
345 -12
552 510
-335 -614
-787 172
649 -250
-830 168
850 -390
662 -405
-170 -902
-980 -650
-477 -917
546 193
-93 21
-132 -512
-30 -550
371 -933
-612 96
816 615
-487 -427
311 -760
-732 -819
9 -170
761 487
-906 868
760 -482
-163 -81
-132 907
-775 -276
-523 -219
-901 -195
-78 516
-42 -465
-622 530
-619 162
-200 802
37 936
-480 -842
-442 -898
-836 440
893 -567
470 -218
-984 -741
797 240
-408 185
60 -572
648 314
-676 83
-969 -211
597 584
551 -132
43 869
-801 -860
-398 515
-963 -461
-668 394
-820 742
-785 -791
-681 -576
-615 207
833 -65
-354 815
883 -936
-635 686
596 -838
317 28
820 -183
-318 894
689 520
779 144
-305 -465
-269 -276
-701 71
-187 -390
943 40
-279 -817
550 -207
-568 -447
-871 106
-954 20
-874 -19
689 -283
461 435
534 -327
-811 597
-704 -600
-783 524
222 -934
701 -612
112 862
-982 962
730 377
-130 -149
-763 -975
-672 890
939 905
71 -397
822 206
-825 601
612 -460
532 -698
910 -259
-485 304
-132 250
-658 -448
-445 -561
727 49
951 -650
465 -852
211 -627
856 72
-491 -227
167 196
-617 -98
-772 -832
836 -71
-672 344
-534 417
-885 -300
-2 -614
-995 601
-328 403
989 192
922 451
640 -717
752 78
-45 17
-77 100
816 639
543 -301
-633 203
459 530
-639 108
-648 -438
445 -672
1 50
-900 846
-61 -311
221 -565
18 -192
-310 209
-163 457
-473 -540
864 -459
511 75
-330 703
434 255
831 236
761 -613
610 560
885 26
426 761
565 -289
-630 -445
520 463
-98 -310
-168 373
-638 182
-708 -448
9 -77
692 217
491 -485
830 -183
-365 -201
146 -45
-11 -162
733 245
508 -467
-684 -172
295 -579
-569 -807
-744 540
614 -314
-874 -268
922 -138
265 103
-724 352
445 -164
137 369
-687 478
222 922
-438 -718
-760 -667
690 490
-206 -125
-249 -450
507 -895
-921 -807
-237 899
-284 677
296 994
470 -32
3 755
505 -13
-491 -484
98 617
221 971
-562 716
-855 -981
351 -807
384 -314
479 614
465 903
153 -988
999 100
428 -932
369 393
-907 -320
204 -256
-937 641
228 -52
-385 -769
111 18
-227 -880
654 -543
-22 -584
-687 166
-637 -977
905 406
-61 -98
157 -197
310 -965
361 -36
700 655
422 809
206 635
-706 -326
-478 524
603 -296
904 778
324 473
-22 -656
-737 793
-429 903
-903 526
-745 -220
28 191
995 -715
-469 -634
-553 -362
24 -493
-559 275
-91 797
-763 -73
-932 -44
-982 54
485 87
632 40
-905 -851
474 -56
348 -758
-895 -346
506 -188
429 198
686 -697
343 491
432 -297
-318 -247
-717 -533
479 342
368 184
-957 579
-453 -365
-55 321
298 631
-238 160
-94 -22
-954 416
1000 500
125 942
355 -207
724 -607
-446 -646
27 127
-963 7
332 937
384 43
-839 283
-616 50
862 288
-478 -80
-701 -670
-518 -368
-873 422
486 -923
704 760
823 -640
339 -44
-471 -538
776 -341
461 -492
253 -968
48 -683
474 -151
682 648
-80 719
-198 -215
724 472
607 866
-909 802
-167 -735
-46 -849
256 240
553 855
-849 -319
443 347
863 -998
381 185
598 -855
315 -208
512 968
-462 548
-606 205
666 249
185 -820
-314 787
52 992
934 230
-999 -74
404 718
-419 557
908 -755
-417 550
-869 336
-744 -249
971 357
517 -292
-445 -773
650 493
-288 -204
947 186
-275 424
394 -784
-66 -631
535 -801
703 -50
992 164
-446 15
-578 549
537 -784
-719 -311
617 -14
209 20
662 19
960 -717
977 -927
52 115
-436 978
465 -208
-396 328
-826 136
946 73
281 39
-939 -743
-775 -42
-910 -662
833 -370
411 210
-52 -893
-351 -238
-580 491
437 -117
-684 586
-734 209
-537 -636
582 22
291 -979
866 518
777 42
847 -216
-52 770
-252 496
-645 -836
-266 258
592 -739
-682 437
108 -272
-869 -964
412 -387
694 601
375 -919
-427 130
394 181
-753 -674
211 -295
-316 714
-746 95
-505 934
-77 -631
-850 315
32 -674
-766 256
483 618
147 45
255 906
711 -971
345 411
-594 726
302 771
393 984
801 -369
-737 -473
-482 -345
-308 880
478 101
-325 60
126 -862
-101 -964
873 293
420 -75
-651 -281
206 943
-384 -662
-459 -528
960 -587
82 177
955 -251
-330 -896
650 -560
269 915
877 -937
-960 612
430 -174
8 69
900 824
-219 351
-936 198
-931 -480
768 -270
-426 381
-599 -710
620 474
-711 -120
267 -993
32 -995
759 -911
-74 -659
-122 63
16 166
-559 597
-186 -643
-412 544
88 816
-784 -424
-925 -237
-499 831
-243 173
756 464
-599 -757
34 752
-160 -126
-599 482
868 649
-505 656
912 -111
618 675
-75 102
-198 976
-948 -202
-750 -664
-590 -7
-214 587
-566 16
800 722
-753 -525
-310 290
410 370
392 -203
478 -263
-470 797
-324 -639
-982 911
97 -84
385 -742
467 545
-932 561
892 74
486 165
-824 277
-342 -14
231 856
-498 -861
550 536
443 -245
296 -557
-740 -387
-596 969
-136 -233
299 -433
-618 -73
-669 154
867 -465
-685 49
-502 47
-793 475
-657 -585
-237 415
-787 -224
-2 950
-799 -82
553 538
-374 -79
-907 -168
-43 -623
-852 -775
765 950
-29 711
791 -487
-258 178
499 758
9 -799
-10 253
744 608
200 -957
-329 -648
-49 448
43 886
-591 -144
887 616
-191 -694
-248 -713
-740 -398
-944 -886
77 299
635 -48
181 242
735 -186
-303 -133
-677 -384
669 512
-440 285
516 -159
-198 713
-907 -69
295 555
828 467
76 206
961 -856
824 601
853 -400
-881 571
956 -416
-668 840
920 -843
768 525
-162 315
-678 -852
791 -570
212 -178
-878 -339
277 -344
-444 395
767 -435
107 -262
692 -14
129 -662
-741 206
179 83
806 -245
-251 970
-627 342
517 727
282 519
-33 770
-815 -155
679 63
962 156
25 414
-654 24
-435 -521
808 -953
247 807
233 211
636 471
-267 -619
999 -42
184 -630
-575 540
-792 -688
25 22
-737 -342
-493 -402
830 530
-513 -990
-139 -851
-88 384
-81 468
915 362
99 448
381 -14
538 -102
-389 70
-878 911
-884 -983
-671 -642
-441 -129
-302 -316
-907 119
-341 -940
873 -331
768 -78
476 162
736 -546
898 310
9 735
-536 426
-7 -634
644 110
866 -410
-281 -263
-249 399
942 376
-269 -817
-874 -34
-650 -946
-681 644
-628 258
804 -519
-46 -872
122 -368
485 359
992 -236
536 367
149 470
855 877
-386 -365
-590 -544
465 -649
-929 -856
801 830
-691 -957
405 -245
633 -495
-212 -972
-882 -126
342 -900
211 277
186 -81
-368 546
953 -520
-957 96
-28 383
-214 689
-516 681
628 -994
-649 -150
-201 -749
-162 39
-90 178
-915 -217
965 170
-854 -814
-545 821
700 488
274 -495
-549 -310
-159 286
-499 -579
-992 -401
-516 566
-794 -537
22 -695
-957 649
-471 649
-722 889
292 174
-857 -269
-710 -232
313 -104
880 299
-243 536
509 -761
-987 245
192 -902
473 -506
-888 170
279 449
111 5
-157 -459
835 -908
-156 -470
-746 -952
-880 -730
-702 312
-305 103
322 -589
580 -465
534 -857
-135 -495
578 -775
283 -86
332 -191
42 -373
-104 -930
855 21
-834 350
145 -102
813 -999
-500 627
95 -178
-486 309
-241 67
-515 124
-590 -466
298 -606
-591 537
-876 254
-295 449
-764 556
912 -586
-472 -997
-774 -724
909 -522
864 781
497 303
-198 -181
-321 -630
848 -436
-975 -140
911 626
528 -580
-408 -215
-558 532
195 967
-460 758
-179 -8
390 -767
-866 -616
-486 -492
367 73
650 908
-380 -266
402 77
-295 -248
451 45
225 314
295 -924
-549 798
-493 916
-73 925
-209 -128
502 560
376 87
798 -201
539 -388
629 -914
897 -181
-260 332
805 -307
266 -253
-807 -215
-39 -743
-75 -989
601 -66
-847 840
-477 -266
505 195
834 -336
-645 290
895 -490
795 718
488 -785
894 461
-755 -791
-458 616
-739 -892
439 920
-24 -454
433 4
-732 113
427 507
-348 880
263 605
850 722
-297 438
-754 269
-818 -170
-521 -159
-659 -581
751 958
-178 -395
592 596
-838 -841
-228 630
465 596
-69 -411
690 -379
-764 -635
471 707
-838 -779
-3 -113
-310 981
693 -465
716 700
4 -873
-27 -587
64 75
560 -708
485 -879
923 264
-522 533
791 79
591 797
978 893
606 870
182 -614
965 7
-33 -378
590 971
-520 -357
-761 453
-191 -104
-977 -503
606 497
-830 -885
-598 -52
-225 686
-535 300
-906 907
-635 254
897 -493
-460 523
-905 32
461 -966
647 -690
162 250
-145 630
872 -53
427 -691
428 -957
643 662
433 978
423 -87
-891 -752
324 593
-359 514
593 75
18 676
-844 492
377 791
-624 997
996 140
-347 -515
443 -189
463 3
475 903
-211 464
225 -745
824 206
548 -952
-610 -379
544 356
331 -564
-853 -80
824 553
-335 -82
162 -21
-113 966
-703 -746
-162 996
988 -302
621 -927
-730 -253
934 -218
571 188
-242 335
-503 837
606 -773
10 1
841 329
342 724
-372 694
-567 -195
-659 212
166 -280
-225 -863
-55 382
-183 -803
337 -151
-655 48
-765 -625
0 -160
775 -8
326 -465
923 115
-893 -279
-378 529
-873 160
-813 830
147 -745
77 -524
626 890
-375 441
-16 929
67 605
-535 -62
857 -230
-265 208
-909 411
-94 -152
-300 -157
734 -992
221 -576
-896 851
540 -233
-592 843
210 -722
-950 -619
-401 423
-410 944
-320 -862
227 888
107 299
-50 327
519 735
988 -638
-696 -236
-71 212
-938 -408
-479 -597
185 40
122 -3
-182 299
232 -381
-725 -160
941 432
932 -874
332 900
996 218
-810 414
84 -152
-898 436
-613 -340
753 740
-194 657
-28 -780
609 50
-835 90
892 -907
821 446
426 -510
-352 -119
39 909
-517 825
468 -167
785 -24
641 367
956 -302
660 728
-110 -186
276 936
-275 -685
783 -970
910 -41
-817 -833
-861 579
-592 58
-649 614
-758 -361
58 734
-583 565
455 -35
304 912
-54 -277
911 -555
353 -75
526 248
942 -703
-413 403
344 212
251 540
897 249
53 -856
785 -351
-57 222
468 229
-26 37
-749 -528
-545 -936
836 801
-409 954
-186 656
433 649
835 803
92 149
-234 -323
912 -730
429 -245
286 -154
-399 89
-926 -798
604 932
-680 828
-706 234
608 593
955 720
-541 96
761 352
719 70
-135 538
2 77
905 -748
259 697
221 130
-537 -348
782 -967
476 290
324 913
-640 942
325 -274
136 732
-192 165
-221 796
-405 842
-59 979
295 360
-309 -917
340 535
-288 622
-74 231
-141 -748
-454 -291
-803 562
-405 662
426 -808
-965 -298
331 76
-854 958
395 -554
-500 353
218 940
-812 -208
-198 -956
257 41
197 -681
65 -14
-12 -112
-498 -209
-46 46
88 -111
-157 -396
125 831
690 -511
490 -756
-313 -273
431 221
526 -786
-274 238
349 547
-879 -185
890 -221
-146 948
939 441
40 -371
-372 755
246 790
-878 -210
-246 715
455 -438
959 874
327 612
-329 633
978 840
114 336
-208 -317
120 -748
-529 -406
885 -554
997 84
207 106
636 -206
-41 -344
-847 757
-39 190
-445 -401
-366 -838
-496 234
775 -815
440 -829
-298 -584
161 -171
767 -564
-188 -85
-211 114
469 -516
-348 610
761 -992
-494 -324
788 -248
100 -171
-112 360
184 -512
101 -633
-495 222
731 -981
825 285
-472 -619
-385 454
664 579
-985 442
-936 -647
-960 -151
-16 549
-1000 -418
252 -511
580 -319
-413 565
-91 597
-237 -736
887 611
306 211
-545 310
965 -63
-106 744
-90 -13
797 387
222 289
527 496
-102 -485
-104 791
546 -246
479 349
-1 -952
126 -820
125 -847
-213 -421
853 290
-271 515
132 -592
-846 227
876 827
136 395
779 845
940 289
-94 85
-596 782
599 874
956 154
414 319
-410 -476
723 -479
927 194
552 472
195 568
812 7
-556 -155
162 263
967 -785
427 -161
-692 461
782 -799
448 -340
-3 -279
936 425
161 -30
-779 -379
-81 849
428 -539
279 -450
105 665
-378 537
-336 -18
32 284
772 -235
-829 631
636 297
16 -180
570 534
551 483
-855 264
-256 -18
-637 983
-221 810
-999 812
-834 -831
951 433
511 -138
-656 693
-212 -848
250 36
-926 -210
102 -939
-76 706
479 -387
871 84
893 518
-119 865
-23 397
174 689
-333 -977
-184 -478
-471 -82
-199 769
95 129
-778 292
-55 159
-196 69
281 -704
-277 575
-669 -507
756 -709
376 603
59 -852
-666 -71
324 937
227 -315
-608 716
-1 413
-648 -90
145 758
-963 38
763 189
-554 140
-755 -77
-664 -867
-928 240
-408 -511
-531 740
-906 -900
36 936
824 -850
189 -726
-860 292
613 108
-454 172
976 675
-63 -86
-278 415
269 792
-221 -216
69 -505
-884 594
803 -564
489 -133
-644 714
694 26
602 -898
-346 -75
420 47
788 -633
-334 -343
-982 538
402 411
-480 -912
635 -200
-831 -587
199 -562
193 -495
1000 169
-989 265
-131 -802
-88 -243
177 879
-702 70
-901 -451
125 8
-648 -391
-260 260
-548 361
844 425
-840 -848
764 -902
-265 -335
-428 -250
-767 -121
-145 -647
-954 -198
-646 843
-182 191
-783 -548
-491 -838
-666 856
674 258
-900 -739
-183 -291
68 83
-814 332
-679 -285
382 -411
-200 -354
-191 888
-905 -849
-951 -963
111 348
-496 -152
238 190
-571 -620
-981 385
80 -915
286 -758
-144 -615
-947 -769
99 -368
-676 358
-856 -945
244 494
-712 -983
-234 -368
309 -1000
68 167
-903 -942
-757 162
380 484
-498 -100
-744 442
479 747
468 173
-879 -99
-275 -787
-954 272
958 552
-364 945
-755 -309
599 758
-774 232
220 -432
187 -443
-195 88
-829 -870
507 417
702 -440
962 674
396 935
958 841
430 435
-685 35
465 -505
915 -608
-855 154
-489 -254
-811 -634
269 677
-411 -73
479 582
-888 379
75 512
980 -56
583 -721
429 121
691 -321
-299 76
-431 425
666 -192
-965 159
796 358
-756 -249
206 261
-825 184
394 961
403 880
-767 -661
744 716
755 732
-797 -17
506 -439
48 110
-949 -200
-379 -194
996 -115
465 -641
8 323
557 -505
931 709
899 759
650 -805
131 471
-613 -530
-899 104
527 568
-470 451
534 -417
718 862
101 304
-842 -11
670 -134
280 -229
-255 273
810 961
-673 24
559 971
-804 -370
-764 -832
440 709
549 200
709 -597
-559 219
-186 -600
938 -993
364 474
130 476
-963 -223
-694 -715
627 894
-43 -985
542 -988
-289 62
443 66
138 -323
909 527
-858 868
-740 368
-5 856
952 -816
-304 -856
161 363
-715 901
-624 -472
-739 -385
-992 -402
560 855
969 -219
169 611
-713 -699
-746 -308
-319 -898
-76 802
-938 902
435 -253
388 -471
980 247
-420 -899
-39 -801
955 4
-187 695
-740 -171
-78 184
180 933
-497 -870
-205 717
935 651
517 -208
302 -768
-385 22
-487 281
-82 747
-629 -180
-576 170
532 313
-398 226
-631 257
601 7
-264 595
-824 -380
737 252
-898 -72
395 218
741 123
-280 208
525 257
212 -199
-803 739
-746 -78
-39 -263
571 298
-903 -92
-231 799
-392 -315
493 -689
-677 -865
-201 751
259 509
742 700
322 408
663 392
64 534
966 -560
-483 -519
-48 -264
-710 -188
-993 150
270 327
271 -418
961 -713
-407 -822
123 73
129 174
-354 30
-683 904
-75 -205
562 139
-102 -170
-679 -496
-441 -902
-193 513
975 123
-550 -92
-685 -981
573 -390
391 -534
-58 214
-18 -734
-281 869
-281 -384
-349 254
515 839
198 -687
-794 -239
-77 351
442 -44
-699 -813
280 -801
82 509
-219 828
749 123
-436 85
-606 197
-510 867
-387 -103
-460 -457
586 -222
672 -578
-942 369
-235 -893
-331 -804
-836 747
836 -814
377 -757
-617 -76
982 -587
-110 477
607 377
-838 131
-300 -663
-543 394
-196 88
46 555
-935 732
25 -31
843 836
-680 955
-588 26
-767 -638
-143 920
-314 260
880 -86
861 -557
969 536
105 -412
-38 -312
-621 302
186 515
-324 263
-996 928
419 14
405 -404
652 -210
226 -567
329 -632
-771 -891
987 791
-765 -840
-884 903
-709 404
734 -149
-214 599
-351 -50
355 122
-693 -715
249 -508
252 -501
-257 958
766 -423
525 -665
483 -676
-898 433
-258 -904
-786 762
763 -240
116 882
-409 -498
150 91
864 -805
138 358
455 400
-125 282
98 -460
-60 -422
-128 -251
-237 814
-579 -286
-919 611
577 131
-97 -13
670 10
-131 802
162 952
353 -280
-378 -117
442 -928
392 889
-824 -52
388 -584
973 720
-887 -788
268 -553
-399 506
159 838
68 -965
-399 126
839 104
-6 258
-143 -873
-428 979
-243 -972
-995 -160
-664 -341
-527 413
160 866
-97 416
-361 919
-693 495
153 430
-249 677
-287 -256
-829 -112
-994 -811
-504 264
841 -594
54 803
163 -248
-474 836
-39 -407
740 -36
-640 -826
919 -456
860 -195
-800 -364
-75 656
853 -964
661 420
264 -114
867 -271
-765 836
227 -75
92 325
680 -779
674 -486
-236 882
-820 13
-52 -353
-834 -529
367 -852
110 -501
-770 -186
530 17
925 394
-864 -498
-828 823
866 -497
-303 -559
-60 683
-515 787
283 298
-846 175
-349 196
-821 -171
-837 11
-438 -933
-11 -401
761 642
-294 -764
141 -743
593 613
9 -321
-157 -330
-777 -16
928 837
268 -53
185 -951
-548 38
-876 -781
-6 121
607 -537
-590 -995
-44 857
-593 -679
-278 932
978 -261
-437 295
637 768
280 879
315 -714
948 -36
51 22
-643 -694
-474 593
300 264
-395 351
452 -640
-285 990
-500 644
-570 143
690 -557
268 11
-167 -927
203 -737
887 86
134 -812
232 -438
-703 -800
-523 -579
-359 -725
-143 -345
969 530
-99 -896
973 18
-46 719
-545 -766
60 -526
344 741
-553 -568
392 -306
-485 595
-682 -661
-861 115
-847 -44
460 -626
-623 628
23 -315
34 105
210 -169
-671 703
423 -449
-261 -242
864 162
370 -53
710 -452
-340 219
258 281
-867 205
952 73
-17 -469
413 174
-681 -216
556 -528
316 -527
-947 -899
766 524
-176 415
652 565
-137 614
694 -347
53 511
-86 43
451 127
273 407
639 -949
244 368
-969 -132
-144 -942
-582 -707
423 -444
-2 86
851 941
-272 -152
-898 211
141 794
249 638
-931 -718
402 -897
267 326
891 299
562 538
-704 -510
574 -4
-97 227
-660 342
-84 -722
-702 -107
705 -477
728 851
323 -102
-14 -388
-483 -231
-504 -342
395 -580
159 988
789 653
494 555
-578 -124
686 -5
-42 20
-380 151
455 450
332 -184
-172 889
-782 -520
810 273
-663 -711
-154 508
-890 -417
-846 -570
-571 935
-269 489
239 -273
693 856
-831 455
150 730
914 -744
65 530
784 -34
-311 -371
-220 902
230 914
41 258
412 648
-848 760
241 496
330 -344
648 324
959 965
234 -491
247 303
-359 -524
394 -23
-847 419
-515 -558
758 -224
-120 -356
353 -550
199 400
356 -871
7 192
931 695
-984 -62
-735 837
290 322
-455 444
272 53
936 -118
182 15
-28 -337
745 196
4 77
731 373
-953 736
-418 -443
-695 -720
-29 -222
-464 -611
-366 -185
201 338
595 228
413 -401
499 857
-20 -549
156 468
982 -550
879 249
-949 613
-659 -114
-51 509
-282 285
-877 561
-390 319
-115 570
55 -734
135 720
-826 -509
-525 523
396 516
924 -809
-916 -958
786 -861
-163 365
-470 489
-272 196
79 -700
-268 506
936 757
-538 -195
-358 236
-302 659
328 484
-682 -665
-181 -256
-671 -481
647 -851
-267 -404
139 346
390 -173
319 172
779 527
585 231
680 -103
457 -792
403 286
-471 -533
-688 563
289 -635
268 -822
-92 -795
308 448
-898 -543
-273 -339
-761 517
-334 -264
-634 380
590 784
-225 -700
752 360
416 -594
203 426
686 341
540 509
-526 -189
-581 -77
46 -523
131 241
219 -50
303 110
590 -732
-651 -623
-377 321
705 -963
-175 -882
-556 565
544 -672
-166 163
169 792
913 -922
-92 985
-739 -508
-169 -686
192 154
-632 875
550 -834
52 -950
-191 -32
536 -99
-459 723
150 919
918 104
-324 -69
637 -513
525 -472
-124 -451
-964 -525
537 -645
-765 21
-988 -698
238 196
97 -722
-1000 -593
275 893
940 612
776 -448
-706 -385
-647 -514
185 517
510 -703
195 300
261 227
-159 -723
-139 984
70 -153
-170 726
86 29
-565 196
-799 16
-797 220
-51 -523
-281 208
-897 -630
-107 342
-496 860
-85 -546
-459 651
85 -207
-24 667
-893 585
437 869
-180 -851
-14 809
-398 -500
675 -500
-54 360
404 -509
-96 -113
-412 -74
914 -431
-119 863
-919 878
-194 -609
-166 560
860 -207
-87 -413
-630 -911
-973 -153
702 333
577 -699
-118 -294
-279 -136
-352 291
-581 -44
-184 205
626 216
-102 -696
-701 -407
-229 -359
746 617
952 -96
0 283
641 437
73 711
-471 659
-741 -832
235 -774
736 876
-649 -349
-24 441
-303 363
-548 164
-641 68
480 -104
-639 -585
560 -573
808 678
-690 -588
909 -172
232 -342
558 -779
463 906
636 382
557 482
256 -213
-889 -64
416 442
954 414
854 -671
314 12
810 -434
-92 14
-752 -25
-164 -208
597 -639
-809 -155
-428 800
-982 31
-473 -178
617 913
-503 -734
-890 797
603 -557
96 -832
408 -387
449 538
-921 481
878 -11
167 522
640 183
310 -91
-330 267
-740 422
303 798
-381 61
-130 307
-881 -528
276 -446
68 -753
37 958
633 -760
469 -418
453 -88
-284 209
734 230
236 -178
501 -316
444 375
119 457
131 -562
257 902
60 0
-852 114
-478 -818
-832 -105
-993 -324
115 81
129 -102
-40 420
-795 478
-293 -535
-629 -407
-738 -64
413 286
-862 805
976 997
551 -402
458 -530
-853 -677
960 -855
-318 636
-899 -135
-259 -542
-549 848
210 596
-292 14
-403 -511
521 815
-784 978
-37 -222
-40 -60
555 -362
942 -471
937 566
933 687
-721 -710
344 830
-289 -187
-657 -499
118 -591
901 385
-43 71
829 790
-534 709
812 182
145 399
806 603
-795 418
-636 346
-670 -79
-174 620
-92 -682
-732 -706
-899 -820
198 -47
343 -714
874 33
-905 -233
-715 -28
517 -569
-563 756
-184 81
307 260
-549 710
-333 63
-922 901
593 91
-31 -946
-822 750
-100 995
-145 245
-387 415
-24 125
444 41
918 532
-521 -135
597 -585
417 -745
-433 109
667 -71
927 -268
178 440
47 586
511 -844
404 -431
812 -743
440 -826
976 -539
-425 -609
909 837
806 667
-735 570
-771 81
599 -999
980 300
-516 -351
-938 -170
633 26
410 129
319 492
-44 508
-182 -627
-689 576
891 659
34 -955
657 -858
967 -14
128 -779
848 941
-529 238
-17 -753
-472 -172
-307 -325
750 -179
-71 696
286 443
433 -114
371 -226
-244 703
346 -55
318 961
-675 151
508 -792
914 -285
169 626
-981 -99
-460 -22
-687 -975
-143 -463
-32 -873
717 376
-445 178
-247 -958
730 -592
-291 202
960 840
2 482
-839 -139
-72 -855
364 -734
-963 690
572 -433
-638 -38
-533 124
-965 657
-6 -708
-307 900
-928 -47
-517 -925
-909 -813
-201 -43
638 741
217 331
960 -764
-886 664
-951 -974
822 396
-456 -382
-235 -202
-488 312
-883 -649
-806 -689
757 -261
740 -17
48 653
-817 -735
29 -937
-186 440
-964 782
233 -562
-272 -65
-502 68
-977 400
324 710
-993 57
849 -43
48 -306
-577 -761
-726 -692
-660 -921
-452 702
916 -50
404 -5
989 -215
-562 509
553 -661
527 -177
697 272
-234 777
341 498
984 537
-826 -261
310 606
262 -608
41 -921
-209 -39
229 736
222 -316
602 548
-877 -182
-118 -184
-10 730
-550 -292
949 -584
487 -546
609 47
427 83
730 -433
755 -132
279 -41
-440 845
-601 -968
-44 -667
299 -58
988 -684
-987 18
-30 -13
832 469
-629 -450
467 -789
-204 228
-277 114
926 -454
351 116
599 16
771 447
-355 -790
441 341
-291 -962
56 364
653 -652
737 -390
-203 -484
41 824
-248 609
-690 -859
963 -828
-154 -642
-947 -877
-634 -567
869 -343
-969 -568
182 -726
-848 806
715 -1
470 -484
672 -313
975 -196
-111 -346
64 625
727 -971
66 -246
-566 -169
872 -569
-936 -15
-289 -544
699 -897
969 481
94 989
963 926
-695 191
382 -977
-57 -813
935 -270
-594 -814
-58 -107
978 470
645 619
968 477
49 -756
-179 -734
817 -645
-234 937
963 -688
-815 -688
-396 -263
-747 998
-78 862
-153 602
254 405
-64 -562
373 264
788 -270
-564 -193
-944 614
666 -855
849 226
-409 -201
447 889
-902 -433
697 256
-265 398
789 989
-370 -385
890 717
-852 471
-75 998
-45 -997
198 -279
-351 -693
563 344
30 -378
206 756
-120 458
-7 867
-158 -990
517 -144
-567 0
378 498
-645 -482
161 -749
-731 -669
-670 -501
-392 676
-119 846
737 -724
-362 -805
173 743
-380 -447
331 598
-871 941
377 25
858 -49
815 -198
-17 94
-356 -117
-931 -578
172 686
711 -674
-360 279
-440 539
-684 -306
518 575
-603 -666
905 348
-860 -443
-935 -68
-741 -883
474 -201
-568 -617
-589 762
525 -399
908 -905
704 766
-9 -675
591 348
673 -644
-10 -552
847 -207
-818 443
-609 570
550 -236
439 -881
-256 -81
852 -863
557 -868
60 339
247 260
906 -587
-962 -712
-822 781
-542 -118
258 -207
810 234
396 -528
-802 112
-322 -294
-139 -699
298 -56
-84 -334
-436 379
-988 -796
-825 746
549 791
-993 -568
732 934
-177 -249
-434 -282
-702 -253
724 695
-74 -704
737 867
-934 -306
730 75
-923 517
-681 -225
-523 -12
873 476
726 -552
-536 -367
-8 958
-237 303
-727 -660
335 777
369 174
-635 566
-761 -662
-760 -637
-962 760
361 -94
848 922
841 835
683 978
429 -41
-799 -7
-279 -603
374 -5
-252 -535
-121 -416
-861 -939
-298 -229
498 -978
-989 303
559 -415
534 758
-945 -64
-681 -891
-262 -814
499 352
-688 -634
-54 280
-366 164
794 691
235 -606
-926 99
-375 -646
127 -783
-389 -887
-100 -946
700 -932
697 61
814 905
-898 -980
595 155
957 -942
48 -223
771 167
-387 -88
242 -860
-890 552
-397 393
473 158
690 -442
4 -713
-447 28
596 18
208 -726
-532 279
716 -364
-438 192
628 -449
-141 531
-543 889
-568 -769
537 170
-53 -503
-513 -654
38 534
-272 807
690 -623
182 737
-798 -202
88 -764
-542 62
-468 330
919 643
572 -399
-461 -223
714 784
-846 228
557 840
66 -598
649 873
856 -596
625 785
-613 541
-981 -17
511 -986
-628 -398
-426 -503
506 -154
251 491
289 -772
-337 482
281 670
979 -554
164 240
622 633
-510 947
517 -177
741 -235
-733 413
168 333
-91 -742
149 -376
-661 541
-260 966
273 622
426 -30
-691 -685
133 -432
-707 -227
-74 467
536 635
737 828
-712 -572
-809 22
-913 -658
353 -523
-895 -739
-913 -209
795 -934
999 -239
-688 949
308 -529
733 705
-901 -1000
800 -758
849 771
513 669
781 -373
-615 -992
-240 -335
-781 651
474 528
148 932
-123 -114
407 247
827 -513
-515 773
652 -389
408 803
-387 -461
-242 -72
832 639
838 -754
93 -284
390 224
909 584
33 -633
750 -697
-491 872
-542 366
226 514
-125 489
-384 -968
-515 -834
-276 -824
623 -199
-91 792
-656 -327
534 565
162 721
-321 369
-703 -254
-512 -758
-997 995
-881 -453
-167 538
685 -486
866 562
279 -383
866 939
177 -168
-631 400
867 530
-619 -697
-684 884
150 797
-914 276
-265 663
814 282
996 -970
-1 596
502 458
-403 -957
-509 764
429 -661
-977 -195
-754 203
111 -937
867 127
-18 -866
-101 580
940 717
-493 -499
793 180
124 -255
-953 -833
-829 -346
697 -466
765 293
677 464
-908 -880
95 700
897 -585
76 -579
142 467
503 -712
146 -24
-802 -178
-412 397
373 190
274 -476
381 -187
270 -730
608 -754
-908 -510
-380 -140
235 344
-889 345
344 -891
-183 215
134 883
-700 478
-183 368
-846 -366
-279 202
-371 -109
-922 -273
860 403
299 307
-760 620
296 -198
-410 478
821 320
878 571
886 611
-702 478
-126 676
798 757
613 -758
-569 -16
-25 -278
-387 261
333 -915
376 231
-733 -771
83 181
-494 -569
-702 -12
-718 -897
-21 -216
561 949
790 545
-389 -896
-188 44
-198 -542
766 684
-926 -625
508 -381
908 797
-592 820
671 -292
979 -946
71 -235
434 -572
935 188
-453 440
-95 -962
184 39
-526 866
-803 237
-147 873
26 -871
-492 123
728 -850
-597 -147
-485 865
-834 552
973 -615
473 -261
614 -556
-791 -102
235 633
-88 515
-904 -435
-554 505
-580 -266
-536 -953
-195 -622
554 917
-916 582
-607 -651
-926 -949
19 465
-416 -417
-454 489
-958 878
-842 622
-574 -373
720 -615
-999 516
298 657
991 -197
-272 117
-708 -344
361 -681
863 287
955 739
785 683
109 -708
350 726
-285 416
700 814
-849 563
541 572
506 508
288 645
-720 -487
822 936
250 784
202 -575
892 399
633 85
419 801
853 -398
84 264
985 -828
701 243
-771 -808
160 -450
-940 616
50 -209
192 515
-674 -898
224 826
-823 588
14 -828
-538 110
303 -565
938 -635
-363 428
841 537
761 -589
-180 865
112 91
688 -55
700 656
-718 -480
-801 320
-585 -219
-39 913
350 63
-272 -448
695 -743
-555 180
-919 826
-150 -780
612 994
-391 -624
-216 -841
-545 508
648 -688
370 798
737 875
24 -829
294 -449
563 561
992 -309
-980 -553
-490 -637
210 828
506 -659
935 527
486 -107
-278 751
-717 -412
-300 -942
355 703
265 -665
362 371
21 -445
750 -806
90 -345
-94 -553
-822 -737
-607 -397
-669 -33
636 -450
-194 976
147 -936
514 -169
837 427
-508 -620
-659 879
988 112
489 -799
-556 -394
-937 -305
-642 -965
-939 -352
213 580
-646 -991
-771 -857
577 -479
647 895
469 -817
903 -743
619 -968
133 -240
665 181
424 -682
380 -728
-408 -997
-805 230
753 -922
791 343
252 -472
949 -1000
955 -594
-620 -946
394 -108
-232 546
-271 -790
-894 298
361 -631
-166 -567
920 810
-147 -995
-687 0
24 370
85 939
662 -367
141 542
501 767
121 435
-145 50
-320 -16
-787 17
427 -776
187 -501
-757 497
-310 -793
-386 -242
-262 -967
-900 -430
747 -911
-471 962
-878 -205
-633 343
89 -534
-422 783
-473 934
885 -535
-122 -526
-484 265
-442 179
-60 253
-576 -1
-854 -942
243 172
754 730
-10 854
966 518
917 -786
-785 -250
-373 -241
601 -995
-77 297
514 -145
911 -210
36 -70
-193 961
-963 -1
-556 -54
572 129
174 -271
36 -279
347 -302
-350 935
704 21
-99 505
-343 -791
823 704
495 959
-477 -135
-967 -332
874 -222
-641 -865
763 314
-439 -39
367 -93
-758 7
281 518
-38 -67
862 733
818 157
-534 -128
747 -845
130 -989
812 1000
549 723
-219 -643
-117 -852
372 -347
425 -517
372 -622
545 -232
206 -896
-462 -948
-355 -302
-458 113
-191 -691
-904 325
-957 -672
-839 911
-985 -23
222 811
788 123
-631 192
783 139
-265 -522
-482 -825
-783 -925
964 -861
517 97
909 -1
509 -152
103 -47
-47 -215
894 753
-21 796
922 457
934 -945
-351 -1000
668 945
-904 636
-959 849
-368 974
120 235
64 268