9918
163 233
156 165
24 -51
-21 164
-321 -125
-104 301
228 -146
4 87
312 -251
56 1
-216 306
281 -50
-89 -172
-200 -41
346 -151
-73 165
-317 218
-100 170
-122 255
-67 -90
203 282
115 79
-101 185
313 148
-133 -257
-319 173
322 -5
318 -124
-296 93
11 156
-185 -70
-104 314
-200 112
53 -145
-230 341
-337 16
-58 100
281 333
-189 -30
181 53
21 258
320 207
-142 159
-301 -281
107 229
112 -184
72 321
-111 -343
-163 84
19 336
231 227
69 -255
-178 8
-197 172
103 -227
-116 101
-193 105
-254 52
-95 -289
-205 87
-97 -172
-19 263
-327 -77
-162 -189
-345 252
-246 -152
-270 -276
-216 46
173 -15
320 167
62 64
257 -118
-318 252
225 292
324 122
27 -284
-40 39
329 -89
-123 -91
-257 266
-213 -317
-7 69
2 -223
137 278
98 -161
-327 17
-107 -55
-198 79
330 -198
-53 126
-322 -145
98 -6
172 217
-336 346
97 47
311 63
-54 -143
243 -81
-309 -220
100 227
-214 -112
-66 -71
-226 62
140 52
-302 260
-246 -347
-137 -179
-151 213
-84 -306
282 -61
-289 301
297 183
345 -172
-75 149
-198 35
205 323
-164 -290
-341 216
-27 241
-89 -232
28 -293
-171 256
-280 123
214 276
-349 -293
-2 290
-146 66
49 38
-102 -208
222 56
-184 -330
346 -273
-241 198
302 -275
32 325
62 108
-180 14
-307 8
220 41
81 -103
246 -62
-38 157
-220 49
235 -69
-150 -194
-192 -193
-87 -131
-116 75
132 -105
-220 286
233 267
-9 -143
321 -115
-157 48
-264 -12
68 346
-177 217
55 -57
180 -60
51 46
-79 40
246 70
328 29
-183 220
-338 -328
-268 210
-230 58
313 242
25 224
199 -151
-265 53
-84 -268
51 204
67 301
-259 -204
-246 300
172 227
-224 -291
261 276
28 -127
-16 -149
-142 -242
-257 269
79 -274
-139 275
240 -255
169 -336
60 -265
220 337
190 298
-206 -297
-128 -213
-306 92
184 62
-58 202
-106 247
119 -199
-140 184
211 32
-34 -97
222 331
282 339
-115 179
-149 -241
10 71
316 -207
125 167
-141 263
332 337
342 -91
343 69
-22 301
181 -46
176 -344
-142 -139
-312 345
84 85
64 -329
-234 -261
278 -84
-154 -233
80 27
31 -122
-70 192
36 -250
124 -270
132 273
180 121
-283 127
-286 14
320 119
82 312
-310 -270
-98 141
-66 -40
-294 313
179 29
-259 80
-163 337
-10 -292
-203 -160
-204 -54
-48 90
276 -184
127 105
114 263
-32 -62
299 156
262 290
-70 258
166 -143
130 299
209 -238
4 -57
-240 -102
-242 -229
-142 96
-288 129
-219 272
272 171
-53 199
33 -57
10 -17
-159 -248
69 -14
-103 179
204 -265
52 187
26 -264
-97 -21
-126 -209
119 219
-337 48
-71 340
-144 -319
-97 228
-162 14
-39 -96
-231 133
-128 204
208 337
-166 -44
315 -86
236 251
-274 25
-333 -133
14 -344
49 124
35 31
63 -170
41 216
169 -150
-83 -205
317 335
-298 312
205 319
146 273
-133 -347
81 -267
215 184
88 298
-243 132
100 92
306 242
-348 -76
108 87
297 -344
-160 145
-94 -74
125 -160
41 174
-16 -265
-81 -69
256 169
-129 -186
285 -256
-336 -115
154 165
65 -109
230 211
-4 33
-192 -261
-44 -236
-27 306
22 135
294 -231
300 219
199 -155
62 -143
37 -179
-7 -196
244 -207
-90 279
-258 274
207 -294
113 339
-349 98
150 -256
-167 -82
113 189
-17 46
114 -321
242 -293
-165 -281
292 62
-71 -241
10 -105
329 222
166 -189
-281 -74
-154 -270
315 -32
-322 -191
291 -308
-219 242
-116 279
188 -157
238 237
305 213
18 156
20 -65
-143 127
44 -4
205 -309
248 -163
-1 -167
209 -54
-169 -196
-223 -66
-266 -145
-39 204
-41 137
-158 -129
-109 201
300 -304
-336 -274
27 -30
333 -15
273 -181
-323 -314
254 241
199 -262
-262 -293
-230 179
226 -74
-247 -159
-79 188
296 -132
241 335
309 15
287 -35
287 -161
277 -211
115 3
13 -42
-105 -19
345 87
-77 -228
-174 -76
50 77
-228 121
-222 304
159 -185
-348 -346
179 108
307 -26
-46 -32
-49 -320
13 129
190 -38
-248 74
-334 -297
329 -25
124 -51
-327 -183
143 329
-157 271
-182 302
264 -37
105 247
-327 -119
203 -96
-262 144
-220 -52
165 277
276 -177
-49 -94
-99 -111
-273 231
-329 -316
123 118
81 329
318 342
-328 -156
-104 -20
212 -300
-192 -24
10 221
275 37
64 128
-295 -218
107 -81
192 168
-341 -170
51 72
232 -186
91 -45
-239 -67
226 -168
171 -200
45 350
188 -66
296 -193
-27 224
199 156
-253 -118
-187 55
45 244
-8 -133
35 137
106 71
-120 10
-216 -55
-28 -22
174 16
-180 72
-252 220
270 15
-46 -276
-191 117
-61 -256
114 246
-193 218
55 -274
314 -194
48 318
-162 -222
-70 -147
-181 3
76 273
149 -152
-335 -119
175 5
-130 199
178 -80
78 175
-11 -260
-295 -22
-200 49
245 -180
-66 -13
135 228
-41 -64
-100 -68
129 211
-325 145
-96 -196
-208 -345
313 14
-65 2
116 -306
26 -15
145 327
184 -67
32 335
39 -19
219 -204
-310 -5
14 -324
-347 -318
144 14
-143 246
-119 -301
70 129
-266 -68
-182 -174
-95 -17
-346 308
-340 -103
142 310
-273 253
202 312
160 144
-90 -158
4 -276
-160 -312
-100 327
-266 323
-305 -272
-193 68
-44 134
267 290
-146 90
-76 311
-106 -176
-19 -2
93 349
-242 -127
-221 -177
69 74
211 -113
-134 -235
-178 -132
-149 -317
-62 -324
307 210
-206 -84
97 -14
214 -270
-149 0
31 -225
113 347
168 -59
97 121
248 -290
-305 132
-117 -181
-281 -156
-11 -258
-8 -135
44 -248
-2 -193
115 -17
279 142
64 -85
-182 74
36 -345
-342 58
-201 -236
127 201
316 -264
31 79
1 205
-22 -276
225 -197
341 75
-147 -227
-55 -130
173 62
-80 -89
197 -28
338 248
96 -336
-126 -274
-158 261
-343 -262
-95 -208
289 -94
-322 92
-125 347
88 308
-281 -20
-6 244
117 144
63 -179
300 -59
-108 216
195 -177
88 34
-7 -155
70 -277
200 -20
-34 -248
-23 -88
-320 216
253 -284
8 214
-328 -331
-26 291
-275 -50
266 150
70 139
-302 -216
-33 12
-200 200
254 312
7 -149
-177 100
-239 -147
63 138
254 -79
-179 7
285 -264
-97 144
-307 -303
-309 286
27 171
-40 -283
-296 -67
-170 106
-241 262
-164 -346
-65 -44
217 36
235 -56
162 130
-266 45
304 -284
151 -23
203 -57
181 88
159 75
-302 -337
-66 -278
-97 -312
229 -93
-317 44
163 216
329 -245
160 -186
93 -282
-327 293
-28 -210
318 -232
245 -244
-249 60
-211 -173
-1 -173
303 110
242 342
-231 341
-46 -204
-87 77
261 -25
76 -336
162 110
-191 -247
46 -243
18 263
235 73
-317 312
348 94
298 -176
255 254
-335 -339
-224 -39
-350 313
79 -281
-82 199
285 -227
292 -241
3 203
-76 -74
-103 -341
11 -153
350 -342
73 -108
329 -252
-178 -14
180 -142
274 -227
-162 -280
185 -140
-58 -16
321 42
-88 -299
-196 -305
232 -2
244 -199
201 -285
287 106
-174 41
327 -183
-89 -83
139 206
-332 -183
250 -265
13 330
349 185
179 289
-86 35
291 343
251 65
-141 -229
-137 96
-346 234
-112 160
73 28
167 -135
226 -20
24 -4
-323 -123
109 -53
-123 -250
-10 47
38 177
162 323
99 73
-255 -177
-271 117
258 239
-57 88
-160 -286
-27 -307
276 -10
-12 -331
83 -226
-92 -251
-141 169
118 235
-333 -20
96 65
117 -116
86 40
-181 -275
330 -124
-36 -205
207 -76
59 71
-348 306
-7 -161
171 -264
231 120
167 80
68 -189
128 -139
-288 94
292 -222
-48 -176
220 182
288 -216
-103 323
172 256
-194 33
287 -136
197 104
-264 83
189 101
210 81
-138 88
204 -226
-216 347
-67 295
4 -188
273 -272
-119 146
-169 -294
-131 -178
330 298
95 -319
-93 255
-21 97
-201 -182
169 -14
-317 -185
21 -256
-46 347
-224 309
193 110
134 58
-207 113
-61 47
-300 -64
19 346
-10 -144
-347 171
-150 201
236 330
226 -36
180 -297
-12 -229
-43 53
223 116
-244 -70
-53 329
69 20
284 31
332 32
-245 337
-113 -125
-229 323
195 -239
209 -86
203 50
-204 -45
350 49
29 -133
-340 244
-186 245
-238 300
-340 94
-257 16
-239 339
-187 -163
267 146
185 122
-29 -164
272 35
328 -299
311 -271
334 267
-10 143
317 303
-169 -113
64 -268
-156 37
7 -260
175 340
160 -120
-217 -344
328 145
-189 12
-15 -338
-97 -281
92 -56
-12 210
-202 -151
-79 -281
317 -36
350 136
-245 179
122 -321
278 -8
321 16
-224 -192
148 125
-1 -125
-286 -150
-98 -225
52 117
168 80
-17 241
-38 143
240 200
152 -21
-80 189
-336 164
22 -263
50 -287
139 -78
-214 -197
-49 -60
277 255
343 78
-268 -56
290 -279
-41 -36
-50 7
252 -32
-279 -186
-324 -314
-342 -340
53 -175
-201 -160
-271 232
-143 141
101 -281
-271 0
-187 -73
-91 120
143 181
83 91
230 -264
-348 -153
-248 168
32 -40
178 260
-178 -124
-92 70
-326 -50
-195 14
175 154
64 -271
50 -152
-88 266
-16 -16
-188 -74
-52 -304
22 210
213 38
-133 -223
-176 -45
-290 280
-4 -265
141 308
188 -236
16 12
-248 225
-347 350
76 -231
194 -139
143 339
288 -137
-194 59
245 -189
192 326
128 205
284 89
131 180
-152 170
65 190
-234 -209
-173 -123
0 -61
-189 78
-205 -250
-140 163
17 63
-176 -234
-70 -110
-294 -215
-275 329
-241 147
90 69
46 -329
250 -174
183 303
78 57
57 -22
286 281
-311 -117
86 68
-117 22
140 -284
-228 104
261 -1
-196 -67
-16 40
-94 106
-74 119
-130 -336
-335 62
-341 71
48 -31
-54 175
-125 127
27 -191
277 -283
-60 36
156 40
196 -222
265 36
-137 -300
181 230
259 -234
-57 -188
257 321
-126 -257
70 -163
-81 -45
-67 -167
43 78
103 -20
58 -79
-318 -99
-223 -286
332 -73
-198 250
285 -321
-56 -333
291 -189
71 -203
126 154
288 -74
-152 36
61 -50
-35 -296
-62 162
306 -155
62 -322
-94 -30
43 -16
172 -105
78 -318
-139 337
48 4
-286 260
79 -261
237 -189
-298 219
-63 226
-74 -22
39 102
205 -304
84 263
-65 -310
-256 -278
-186 88
-334 143
-261 -155
80 342
-14 268
-52 -75
-139 -54
-9 -211
7 51
-224 -289
-161 -2
129 227
344 214
-27 -83
27 303
240 177
299 -302
316 -35
333 69
-6 147
-36 -243
-37 -57
9 -158
316 223
-239 86
-293 -271
-260 -120
-209 284
-305 55
78 154
209 77
243 -26
103 265
47 -147
182 100
-340 339
268 165
-61 337
-159 181
-135 271
100 -50
-201 112
220 328
81 346
310 42
-135 41
-21 -275
-261 209
237 -21
-135 202
66 35
74 -192
-259 230
22 174
-292 -194
299 -229
332 -113
319 -160
-123 -183
297 343
134 309
117 -284
-153 -218
228 89
-317 299
264 -244
122 90
-284 -271
26 -10
236 -231
-175 -284
-63 -288
242 88
333 153
264 52
157 -205
-13 294
293 -24
-56 -277
-73 253
147 -265
-209 113
251 -138
263 -244
95 -109
-108 189
-178 290
158 303
-249 157
162 143
-287 -320
-324 -86
-30 -55
-214 144
-153 -171
-119 105
-3 -191
52 17
-283 105
-338 -215
38 242
-52 90
229 318
-228 -275
-63 52
-298 184
-343 340
-118 -85
-102 307
-149 310
-244 316
305 -130
-325 169
214 342
39 -313
-251 334
-214 104
-127 -170
-176 -241
273 255
-262 -102
110 -152
115 -203
157 -189
-338 132
304 -281
93 294
121 -187
135 76
157 -51
-190 238
35 -33
-337 -1
-18 -233
245 48
109 -87
234 -84
-220 -75
1 143
130 -48
-139 127
-146 15
154 19
187 -211
-248 218
94 8
-174 185
236 -115
-149 -58
-5 18
205 248
236 333
-78 -217
87 -121
-241 -20
-193 52
166 -194
-73 -122
-33 200
183 -196
87 -258
-100 -39
128 -111
-164 38
97 -96
134 207
98 152
177 9
-106 -93
179 300
183 78
55 -238
246 -336
106 -293
-175 -75
74 257
337 -98
-200 -139
-308 -5
267 337
139 -308
348 -345
-129 110
341 -19
85 -92
-64 23
314 197
56 -53
-321 -232
-152 21
38 -54
-91 206
120 121
332 -152
-127 -155
-86 204
-182 -134
-266 13
341 -169
-151 107
-47 273
-294 94
-180 -171
207 -274
186 42
-281 -175
-317 -178
-275 279
-268 41
-73 -264
-279 -50
-242 212
-203 -167
188 112
-216 -141
-161 -243
117 -6
302 -307
-197 45
-97 -290
-321 -302
-300 -333
-302 136
-275 59
46 -60
-138 -221
-129 -93
99 -215
298 -332
319 333
-307 -54
255 -122
229 -33
-185 134
155 64
204 -252
-254 -144
-327 -278
-141 -198
-253 -199
-143 -33
188 -339
117 149
27 -255
-153 -298
311 1
-290 -159
318 -189
-329 -282
-203 -53
-87 -348
-218 327
-30 52
188 255
178 123
-322 285
227 259
190 306
-176 17
13 -309
-120 -106
247 -292
106 10
-199 -153
210 151
160 -222
-48 -133
168 162
182 -201
-249 -87
255 76
265 229
-203 -343
-122 -53
281 -99
34 119
326 -245
-201 -108
40 -109
244 -153
33 -134
-34 293
-272 -107
136 134
330 -53
-3 -228
-72 -275
325 261
343 -232
-14 -79
281 -130
33 -296
-114 -28
-99 -295
-124 167
-79 9
61 -26
236 -320
-35 141
-317 -194
39 -54
-109 25
331 239
-340 -195
322 185
267 320
122 -29
-83 -165
301 -265
77 87
257 97
-133 323
179 -52
-243 -218
66 -212
-115 292
-211 -131
320 241
-101 -117
-21 31
-157 -79
126 180
322 176
15 -144
295 -119
16 329
163 62
347 76
-171 -155
73 -297
261 -233
28 81
39 -91
-290 64
45 -330
-94 3
-18 55
263 211
347 65
342 -241
-172 111
-46 -266
92 -24
-86 51
-131 63
-178 -323
196 161
-159 307
-261 -208
-281 -242
178 112
139 191
-11 -327
-120 234
-167 261
-236 37
-52 -209
-111 14
260 78
46 -157
-250 -231
285 -163
-221 13
-306 -230
128 -8
-284 -146
-195 -219
-48 -217
-202 331
277 276
266 218
-337 166
-313 302
-175 50
6 212
92 194
33 -298
168 -268
105 48
285 -19
267 223
-229 -233
199 -247
-126 -186
149 62
-289 232
-95 270
263 -186
-117 -243
220 261
335 162
-201 -233
217 301
287 227
105 81
-155 36
-245 259
-163 240
93 6
-81 286
141 60
-215 -70
206 60
-21 178
164 316
-51 290
-308 245
234 -37
328 270
-264 -159
306 -130
-66 89
333 175
173 -333
27 -21
-133 -131
87 -292
-258 246
345 -227
336 50
-88 77
-6 -188
-138 189
140 107
200 300
-200 152
49 -9
189 -176
-243 -186
-321 138
54 -266
-53 336
325 -154
263 -20
298 57
39 -30
198 115
67 10
328 174
170 71
-20 -258
-145 112
-236 -228
275 -97
-327 146
339 -343
297 305
-282 -316
24 26
-276 -139
10 -29
46 137
211 149
-120 -305
203 -280
-320 266
-169 271
35 -261
-180 -51
153 -138
307 8
-107 -346
165 168
3 256
44 -324
61 -45
223 265
-299 -211
44 -88
254 19
-222 -196
274 -59
79 174
64 -328
-145 -313
23 -222
-5 235
38 143
232 -48
-4 19
-324 -201
4 -171
176 14
64 100
-261 117
-207 231
-342 -289
-55 -10
-124 98
342 336
-36 -236
179 -88
116 186
344 243
147 172
-8 -120
-294 218
163 -330
-16 105
169 104
123 255
-181 160
11 -2
-68 321
253 142
-83 124
131 -6
238 -219
-98 -11
-183 50
94 121
-170 -338
160 41
2 277
302 24
-166 277
-163 -48
279 -39
-258 -186
30 61
180 133
132 174
223 -14
295 -73
-227 188
4 24
-182 -28
-347 -210
280 228
139 -66
-40 289
-127 -125
240 -68
-156 168
-225 350
-250 -285
-178 -208
-52 235
298 -96
-304 265
92 47
-149 -299
263 -227
-9 185
319 -170
328 -316
-6 -303
-119 215
84 -172
-346 -153
-283 -286
124 145
-257 -45
-289 -256
230 218
19 -65
-266 -226
17 -48
-233 237
165 263
-82 -139
-256 -334
-289 130
178 -113
-94 297
-151 -311
-261 -321
124 187
-186 -138
-39 -49
310 -229
-349 37
48 -216
220 -321
-262 -22
-43 -186
136 -145
-85 -133
-75 95
247 203
118 259
-214 -25
-180 141
114 -257
-164 -55
-246 -136
-164 -163
-311 204
123 125
-187 -105
241 268
-256 -87
-80 301
-22 291
-251 -310
149 162
-47 -218
334 84
130 51
171 -95
-104 -65
-96 323
189 -248
112 -186
-126 340
-253 194
-259 -323
-240 345
329 -139
-299 -265
-149 -27
289 26
-21 45
-331 96
74 -157
-250 -44
2 201
330 -235
122 254
-168 232
-22 322
-22 255
37 -136
-39 306
-37 60
304 6
10 186
255 348
151 283
288 197
-296 -127
-21 349
-267 294
26 -153
46 -130
52 279
-21 -11
-177 -59
-112 51
-134 209
-98 -223
254 -291
-109 -46
-176 231
125 -302
267 50
211 -101
307 -91
48 35
-348 -306
4 -32
-184 77
-125 -173
-248 114
-283 -139
-122 99
-149 80
266 -65
126 -255
345 -326
-101 -302
-2 -185
311 120
-24 105
-37 258
-277 276
64 179
88 164
-153 146
-332 176
279 -337
270 -306
-169 -112
64 -297
-317 272
-17 -162
-290 -350
307 -150
-8 10
-212 -198
241 -55
-231 248
213 97
-317 -101
139 263
75 -104
285 -62
159 -263
-288 -322
-188 -3
-307 -59
128 -126
94 -46
-82 204
264 -108
243 -214
332 4
-270 122
-44 -265
-313 -235
-26 29
183 -239
4 293
-38 -348
-143 -182
252 333
341 -51
-123 153
222 175
-306 307
-149 -325
212 -179
36 -262
-212 187
21 -178
-19 16
30 -222
-317 -137
-92 -298
309 -203
-195 -301
246 -242
186 -105
43 157
-70 -269
201 330
127 -32
-179 297
72 96
-327 -95
-3 -200
234 175
-170 -163
-307 154
-256 310
315 57
336 198
344 316
14 230
-11 283
288 132
-309 -139
-54 25
335 -45
55 -150
293 19
-46 88
-141 338
207 -331
-240 306
-38 -77
-80 78
-16 18
-230 333
39 -227
274 -55
242 288
-272 154
348 285
344 -237
-160 82
53 314
-149 141
202 121
159 342
-195 -34
150 45
135 116
312 270
46 -256
171 72
294 -7
246 274
182 -161
309 -140
326 -203
46 -45
52 -307
334 -271
-235 291
-266 -164
-276 180
-209 -87
-323 299
-136 293
-204 182
-219 76
-135 -91
-38 275
121 285
50 167
141 -238
-198 32
-119 159
-277 -171
-234 -265
73 -194
-163 -337
-89 72
-255 -277
-234 347
-212 21
309 137
-169 -123
-297 -10
173 -34
-102 -13
9 -332
232 -202
238 -28
-101 -40
-283 -103
-150 274
-264 -75
89 317
-187 37
159 11
138 -44
-349 -20
41 -58
342 -41
-283 71
-193 336
297 169
201 85
-34 315
-318 318
-297 -148
-332 133
-108 177
346 -58
-70 -203
-340 223
-318 295
-260 -79
59 323
323 101
-112 243
170 -18
-297 -216
267 -190
-93 -279
-290 321
-177 132
126 160
228 167
176 278
-25 298
-150 82
-291 -152
349 332
-199 -20
-5 256
283 -241
55 -74
-240 -180
112 -71
-233 154
-148 -272
193 64
-302 299
-317 -65
167 264
-72 -234
60 -235
249 249
-228 90
124 -318
-257 -276
-265 244
126 -304
-7 287
75 179
-123 339
261 3
-136 -66
289 289
-275 9
-106 33
70 -282
-162 -87
131 25
-90 225
261 337
99 324
0 -53
-165 249
-114 -51
287 21
-6 285
-64 -268
-160 -338
-20 -137
-43 89
-193 29
0 71
325 53
50 -94
-16 313
-140 336
-280 92
124 62
38 162
-301 -116
167 318
-132 78
197 -345
327 -203
-167 115
67 165
339 118
-77 347
-228 -252
-228 -283
-124 65
-85 -16
244 -131
-330 -28
-257 344
-286 -31
-334 60
97 137
318 -47
-55 203
12 -350
60 341
-136 56
-59 -103
80 98
-8 311
201 347
-23 -39
-29 211
-324 105
-203 212
266 -85
-68 25
256 150
-303 -228
-184 267
19 -218
-30 -275
139 -88
343 22
-47 -78
-53 20
302 73
-161 -200
213 -156
-336 -22
147 -308
-67 -196
3 315
326 -195
-233 164
124 -238
157 -179
-61 -190
14 134
-55 -306
-172 90
-244 163
306 -237
93 -184
-309 198
27 200
205 -171
-221 182
-184 258
223 -209
163 -329
101 -209
-231 99
106 -53
55 -103
89 -93
-240 -142
-258 18
201 70
-327 190
-200 342
-68 325
-335 -203
189 242
-322 -187
-219 302
329 42
-244 -274
152 288
253 319
301 168
-16 311
-177 -192
28 208
-5 -193
-239 237
-84 -327
-96 204
-25 337
246 147
343 267
-160 332
264 108
106 -29
-5 -66
222 -298
-266 -128
293 -86
-83 38
318 -220
145 333
-272 -246
129 -333
33 -104
-205 -187
-130 140
51 66
142 -66
-31 -201
239 -41
159 -37
-55 -329
241 -105
69 -283
181 299
230 186
-223 16
273 -155
253 64
24 103
-36 -72
236 64
-30 -73
-70 -275
178 -4
84 -36
-174 -78
108 255
278 125
349 -105
-103 101
167 183
180 173
132 325
32 249
51 251
-54 260
330 -331
322 320
94 -34
282 -314
44 -229
323 115
-249 10
93 -35
125 -207
15 -235
313 -179
-204 -203
-305 -179
243 -187
-283 -38
-280 -7
145 -333
101 -160
36 -234
-60 225
308 -316
153 102
194 -344
-337 190
-182 259
287 265
329 328
-315 -199
-284 -96
301 155
175 346
-173 297
-60 -314
136 323
120 319
-199 334
-177 -147
-334 111
257 296
29 -335
-318 -267
172 -36
226 321
68 171
-32 12
-281 -58
-165 -63
62 -39
92 345
117 -175
288 -110
-175 -309
174 -166
0 -279
209 172
-313 189
-259 243
20 -159
-82 -212
-276 -228
-215 -111
-49 -256
156 -314
-61 241
-316 116
-138 -188
39 -198
-288 -273
-151 -66
-111 181
319 108
-325 27
276 338
83 -140
322 31
-196 -69
286 -249
208 199
186 -149
258 -90
-301 -129
-297 253
-333 -46
237 -195
-134 228
-120 -186
313 23
221 293
77 181
47 220
-340 -284
288 -159
347 -97
-125 -74
205 294
-51 -302
120 98
-230 -330
-178 236
-34 221
-263 78
-203 -81
34 191
-315 166
333 -128
-178 122
73 10
-320 -345
220 -69
-181 252
77 -93
-287 -245
228 257
174 -150
287 -24
-306 219
-178 -69
8 68
113 226
113 250
51 279
172 153
-32 275
-349 143
-82 254
-335 202
-227 199
227 248
-8 -25
-156 -306
62 -272
164 63
9 -213
-100 336
272 -79
-315 -25
-76 343
184 32
-166 48
-317 -344
336 72
281 -185
198 251
-49 290
59 -25
25 -217
-116 -11
86 -242
227 268
191 -132
-163 159
-119 -154
222 136
-249 -340
-337 36
-197 -266
-193 225
-83 -293
-79 -161
323 -313
-148 275
147 -70
-223 -158
86 348
42 -103
107 -57
-254 -240
-333 -112
233 168
-196 -342
55 141
239 -232
-46 24
-282 147
166 -52
-304 -337
229 -187
-295 218
261 -293
262 101
89 -208
44 20
-346 295
-308 -221
270 -151
-145 232
-91 172
68 73
237 -258
213 -227
-260 -270
-331 301
269 -95
90 112
334 -166
67 131
-206 -326
-212 22
-332 -157
68 185
-94 -213
-235 -224
-176 -303
350 110
63 -110
-181 260
-261 267
-337 -294
-159 208
-301 -236
23 259
-211 -350
190 102
-47 72
95 -77
279 313
295 -123
-251 206
310 315
-123 -172
215 -160
-139 277
-32 -120
-341 -144
66 69
245 -139
-229 -7
-72 324
-171 325
-156 -166
320 333
-330 -275
233 268
-99 160
-255 -158
-45 -31
-310 -281
-288 245
-326 -285
-253 199
69 -256
-237 -297
-98 -217
174 123
78 -185
-181 -60
-189 132
-257 -338
-183 -320
84 -215
210 193
46 -9
153 -254
-40 -125
262 -73
63 142
290 122
253 -334
73 -275
62 -209
-261 182
-79 342
207 79
117 -173
-275 148
292 316
280 -184
248 -44
-125 292
76 -100
-275 -134
-328 237
164 -173
297 43
200 -211
-10 -311
-184 -301
-229 -260
-84 -165
-295 -16
-281 85
-239 -248
276 130
42 -249
-14 -136
-285 265
-323 -287
-126 111
88 127
-341 -310
269 -171
32 -181
62 233
306 -6
179 77
-321 -134
100 -296
-340 -197
292 -321
-126 29
161 -260
259 -154
-158 -250
154 -204
-283 215
-62 97
-206 8
-77 114
-255 -23
154 -111
41 -243
34 41
278 135
-203 -123
-248 85
-221 251
-266 -327
-117 242
-317 -174
-36 94
-36 -163
17 32
-255 247
144 -245
-39 -120
43 -311
-323 -205
116 -169
-281 69
-152 -165
-162 -325
-68 -110
-20 88
107 122
-244 201
-249 -85
-196 179
264 -220
318 88
237 -149
239 288
-5 -190
167 81
304 -297
-22 153
53 235
221 2
-263 15
-158 291
-147 38
-232 278
-323 341
-265 -341
-281 287
-318 -204
-243 134
112 -91
338 4
-72 -245
315 65
-171 -23
-266 326
-327 -205
127 41
-315 -317
333 253
296 308
-90 -313
88 -339
-227 -98
-23 103
-102 -74
-47 320
109 195
161 -316
-291 301
-166 119
108 170
-18 -342
113 50
132 251
-284 -84
-301 -105
244 131
263 110
-129 -313
316 -189
-349 -33
254 227
233 -174
-267 246
-163 -298
-110 -154
245 -119
-54 -167
-165 229
48 -264
-128 343
-93 -189
-315 47
-176 177
259 253
124 -28
-12 48
304 -143
-283 206
166 106
234 124
9 -227
-269 224
274 -194
256 343
-35 -325
-339 -33
198 148
78 193
-291 207
-146 -253
-298 122
185 297
-250 -172
324 -212
-316 93
-91 -125
39 282
281 58
-220 -315
227 -243
-290 132
39 296
268 49
-110 79
109 -216
277 -210
-39 39
20 -45
-312 -333
168 -304
-256 -206
-349 246
300 -115
-168 -18
144 86
-197 -298
-142 -111
181 187
280 -346
103 197
-131 293
-77 289
-9 237
260 130
-230 -287
250 -45
-230 101
-60 -303
44 143
-268 -160
-69 139
66 -236
301 69
-202 9
-46 340
110 344
-222 -96
-64 91
-280 -67
-177 -111
14 341
19 186
145 -302
262 138
161 161
-240 129
-221 151
97 325
-324 -341
66 -27
-52 -132
-248 -222
146 -2
-248 -262
155 -285
-336 -88
44 -74
-175 -180
96 -154
-126 196
-36 -16
-15 -348
117 271
25 -269
-242 43
-173 203
-233 -235
-79 -345
-320 241
47 -196
23 173
163 191
-277 -330
-293 145
18 191
-137 -138
254 -273
241 -170
206 86
-159 -254
-278 146
246 238
72 -126
218 -121
-124 -97
133 18
258 -206
-163 82
-165 284
143 -94
-158 -62
-238 -269
247 261
107 -350
-60 -237
132 42
248 297
-112 -253
-223 -92
-277 -124
73 -172
342 187
-180 -125
66 -142
-193 -110
278 222
221 136
334 269
-208 -77
286 -85
323 253
-59 2
203 217
170 258
204 -39
27 101
248 155
-335 295
-245 84
-264 -295
322 -12
272 -32
-259 186
335 129
257 114
-9 -348
-104 -157
60 -21
-342 -124
321 -244
53 -192
-184 208
-114 -295
-184 -300
-45 -283
-267 106
233 -245
-229 142
-122 337
-6 185
235 168
350 -203
275 308
254 -225
-348 -252
140 -160
-74 -118
-196 81
-117 35
188 54
297 274
197 -285
-153 -30
-24 206
-324 45
-276 137
176 -68
248 35
69 -245
30 -273
158 171
-342 -272
-138 -258
295 10
173 61
297 9
299 -169
271 -136
-260 -7
-240 -52
197 331
141 -211
109 -164
-187 -192
113 303
139 -340
-290 -294
-189 -128
24 42
338 321
-313 247
75 241
332 259
-138 147
196 -158
-111 173
-75 262
62 172
-235 -295
201 305
-212 338
-220 277
-135 -107
-155 59
264 -29
-164 -299
100 -194
306 272
-346 196
-205 -153
-152 180
14 -182
6 -42
-180 338
208 136
-204 -116
236 -165
113 7
-126 -30
283 286
-219 178
-146 -42
167 189
194 333
-18 69
101 -186
53 200
325 162
226 36
323 -164
-162 75
-289 329
281 -333
-323 167
248 -26
-184 337
41 -216
266 331
-141 -344
-69 -81
118 -154
169 -283
-27 -282
289 -338
258 316
-204 318
336 347
-55 319
-46 217
-79 -197
58 -139
-47 162
191 261
57 -142
-239 39
304 233
27 156
178 -282
-132 -184
193 -299
-286 22
118 -186
-316 139
-284 275
165 -5
97 305
-60 -90
-113 241
259 295
-54 -255
49 -104
128 258
-183 -311
176 199
-299 -67
-194 98
156 -319
321 9
5 -108
-243 -196
-277 -232
84 210
-53 35
76 -69
-265 120
-295 -159
-262 -238
-52 -126
-79 94
44 -99
22 -164
-207 -235
264 14
76 306
-79 -248
295 -160
199 109
-62 326
260 35
268 -149
110 -280
8 -45
85 -116
93 95
-177 -152
-26 -303
-113 -299
325 -152
68 60
344 293
-339 179
304 -310
257 187
-208 -193
243 62
167 -321
136 217
-209 -41
-146 -244
168 -296
-349 -170
-27 -8
-39 104
-182 -86
59 -101
-302 237
59 269
301 -304
-131 11
349 96
3 -127
252 23
63 -88
63 87
-236 -45
-270 116
82 -259
-157 157
-16 348
320 -105
25 300
-270 326
122 -48
-59 200
159 274
-121 -39
6 -22
269 -102
-205 303
-302 163
284 -300
-160 140
-225 -25
-346 119
-183 89
-54 278
-191 -210
17 -172
230 25
-91 -143
-288 -145
-18 49
16 320
-5 -191
-248 38
-121 183
-127 35
-259 -37
182 38
-204 191
-82 310
-311 103
149 -267
167 -293
-345 -69
234 73
-147 320
-313 -341
307 292
-259 70
-216 -80
-113 58
236 -138
266 2
-337 -255
-234 -241
-173 100
-55 -32
120 89
-228 -255
-43 23
-95 7
-121 -309
-201 -278
-222 281
319 -306
79 -255
-127 331
-180 -57
-349 -298
-163 -212
295 -309
-67 -237
-219 171
112 -233
-329 -245
-1 29
-201 72
269 -216
259 287
-348 -283
-108 301
-151 -39
-61 -235
276 89
-312 150
158 -318
232 -287
-140 -283
-79 166
221 -94
-286 67
-198 338
198 243
188 317
153 39
91 -143
37 -218
-304 114
180 342
-332 269
85 252
-109 -226
51 183
258 95
31 -242
201 9
158 -160
159 -190
-34 -340
302 -197
-345 298
-334 201
103 -200
-86 194
120 -334
276 145
-275 322
134 74
101 -61
233 252
-95 126
210 -293
-188 -48
151 229
308 -337
-205 -336
-109 -74
-319 -283
330 282
-284 -153
102 79
74 75
-56 -144
6 -101
5 35
-191 75
-169 19
-187 99
33 66
257 252
107 -298
-136 106
-270 -331
217 -166
-325 10
-84 -51
39 294
-120 -75
347 -199
-251 217
-100 276
-232 -264
-293 286
147 278
-146 -99
-241 18
-127 229
41 191
69 50
165 -350
-274 350
184 322
12 -66
277 103
314 86
-138 214
170 -63
-337 104
-347 103
343 -154
294 -186
-50 -206
180 -49
177 307
100 -19
-279 -36
-158 -119
-180 100
-338 -163
180 -171
-235 216
67 -99
295 -259
-199 -51
-26 335
-302 -283
-199 -200
-36 11
-275 271
166 -78
-161 106
49 170
239 101
20 -216
271 219
93 -253
-195 -226
-149 227
-160 -221
210 -229
128 -249
-179 216
-288 309
-8 -338
-322 -77
-325 -341
-81 -153
-333 -220
-220 6
-222 162
67 175
146 -94
143 160
-40 -238
181 114
-332 106
284 225
-291 167
244 222
-2 110
81 276
314 340
-219 152
-141 -266
15 -347
-73 -64
341 -350
-6 -308
85 -70
177 76
-82 -54
-207 -71
14 280
298 -102
49 195
-258 210
-267 120
-237 338
-279 -114
122 333
-80 243
-196 -65
-116 108
-260 -332
-73 -206
-77 210
-99 -7
-206 12
248 -269
199 -325
-180 301
301 283
56 164
-339 -305
158 195
83 -306
272 292
-17 151
205 295
176 307
106 175
-56 -184
6 -228
-137 -47
-348 -340
163 -269
-350 -253
217 177
228 310
-119 -25
131 -121
263 43
278 90
170 -116
-312 -235
169 -235
260 98
330 222
-158 284
-177 84
-229 259
-84 79
-314 -5
-167 178
279 310
-343 -200
-292 -267
-302 -27
-285 146
-134 -191
-20 -230
-102 -269
222 -95
276 224
329 318
186 305
-279 81
240 194
-50 108
-20 -308
273 -108
2 18
199 -55
-193 22
-319 -183
195 -329
193 -20
-13 -290
325 123
-229 200
289 -116
151 302
53 320
-142 -136
-196 -68
-333 -292
-156 60
-300 277
-93 -24
300 333
327 68
-258 -242
-280 -341
63 229
226 -327
-146 117
207 174
-99 -82
7 222
-243 4
131 207
-344 -312
328 23
244 162
-132 -62
-273 -288
214 -137
180 -338
-24 -149
214 36
-152 -113
283 111
109 280
-6 -149
203 254
50 -171
-236 -34
192 83
68 -113
197 -18
-91 192
224 -177
186 266
-154 141
-149 -211
-142 -156
-313 328
-309 -8
140 -145
89 -200
67 270
67 345
-26 -327
-104 116
-49 55
-278 -10
41 -114
-195 -258
-194 199
173 -137
-50 186
348 -164
-239 -83
155 59
77 173
43 346
-146 -127
316 -62
190 -123
-298 -37
-197 206
116 37
-59 341
305 -66
-170 55
293 -162
263 341
89 277
17 -257
297 142
209 40
-204 56
-155 -273
45 330
-136 -20
333 -124
-260 -314
-42 -297
344 10
331 52
295 134
-43 -327
299 -64
42 -58
-229 121
-264 339
-119 257
-263 -302
288 -250
-330 -58
331 96
-318 150
183 33
306 20
339 -207
-87 241
-313 -114
-57 -309
-262 -59
-8 -153
322 -183
284 -288
0 -21
-112 -147
-287 171
-61 -246
-308 -230
-155 -32
34 89
-216 -131
115 4
-185 -226
-272 -261
-270 -318
-208 171
-99 344
335 195
-241 63
-308 256
-166 153
-282 -7
193 62
176 165
-70 271
-74 295
18 320
-312 -105
-43 129
-207 -339
349 119
-247 -240
85 246
179 -345
-61 -306
-294 -57
-132 -270
303 301
84 107
-115 94
327 272
-291 2
-52 241
133 -322
-134 137
-297 192
310 127
305 348
239 -287
-304 251
-167 -66
-247 229
-194 165
-201 192
271 -86
264 -310
27 235
149 -67
25 3
-158 171
57 -163
332 37
-256 -269
204 317
-125 -262
337 -163
-16 291
-323 -270
-307 -221
-110 -143
-222 307
263 -117
159 -184
-148 -73
-146 88
-250 350
34 -231
-148 -14
214 -192
148 -275
-234 241
334 -168
45 -154
67 311
-90 -163
322 -208
287 -210
46 -122
-198 201
99 -133
214 -336
28 82
-73 -171
265 -78
277 -12
-324 261
-15 -129
-7 -340
-111 63
268 134
146 -55
-54 213
-212 -105
11 294
70 276
114 -179
-278 -113
-134 121
-326 134
131 294
110 -26
-148 24
276 -211
-120 -167
331 -139
140 37
163 347
-293 298
-201 -220
113 197
-6 -135
246 292
266 -196
19 -58
234 -79
-7 -35
-23 26
137 -168
66 -171
-343 -169
176 252
-293 152
196 317
16 -131
-158 -164
206 -30
289 -62
-29 302
-149 -193
233 -184
187 213
250 -23
219 130
348 -56
267 248
-98 -198
147 -228
74 -144
-281 -299
100 19
160 -60
162 -292
245 158
122 -140
-93 -112
98 -19
64 -215
-147 98
-43 27
319 -318
-228 -136
343 -40
-153 -338
-331 -250
-18 98
14 212
-222 107
300 -326
88 -217
347 -128
-263 54
248 70
127 284
23 112
-185 254
-104 -229
-23 -86
-88 -350
-35 -238
106 -256
-325 288
-94 301
-275 54
-48 -179
16 -242
-158 -58
237 -278
33 194
-270 348
-17 166
-318 -3
51 123
-17 -65
-145 298
224 -241
103 318
-139 206
265 17
146 -90
4 -238
195 112
210 -269
-156 -206
-194 218
201 -296
-80 97
-156 197
150 -163
-247 339
-166 216
148 -89
296 -234
-128 -226
63 -14
105 307
-94 268
-121 259
294 -44
-236 -37
299 -273
49 -20
271 -131
158 286
-33 -223
-226 -71
245 86
159 -174
205 129
-173 -219
-302 -2
33 -66
70 -58
-98 350
-27 248
143 135
-156 77
71 -337
146 -325
-296 72
-284 98
-141 -326
93 -52
111 25
165 83
178 259
-221 347
-126 63
316 -257
192 -250
-297 -207
-290 -158
-280 202
10 250
155 185
-321 120
-99 -260
22 -227
-8 189
-14 202
217 -118
-91 106
-231 240
34 -287
196 14
-44 122
-183 -261
-119 342
-110 155
259 6
-50 -136
-145 139
127 -165
-59 -202
146 -156
220 32
63 297
271 -224
-285 -6
270 -231
206 107
-159 266
64 241
-303 6
-238 211
-245 108
-109 317
-277 -241
-30 33
-309 45
149 -281
39 182
-328 -293
312 101
-213 -169
10 -189
-122 149
-183 24
-182 -106
26 -178
-25 -257
-296 -69
-26 134
55 -219
292 -232
-131 -79
328 155
82 241
-87 247
-268 -310
82 121
-27 200
290 -240
-61 287
190 -338
-300 154
-77 -130
206 344
-59 92
216 -288
122 -230
-240 54
348 28
-313 -236
91 -253
42 25
-239 -48
-292 -88
331 137
-312 -194
-349 -136
-225 49
-325 -57
-341 141
140 -204
-258 108
-168 -129
97 -344
316 180
-140 -343
81 -248
38 -156
30 276
-182 201
99 294
-136 -267
-1 -154
115 85
274 -47
-341 -82
-166 266
256 71
217 -264
-275 -306
-114 -199
-314 127
-265 -197
238 100
76 -253
-272 215
-7 -119
-203 -232
-21 202
-19 100
71 -39
268 287
-295 -243
-272 -337
119 32
232 -231
-65 -86
152 137
-189 -270
-73 135
-166 189
59 -347
294 -279
128 -156
-113 245
-164 200
255 16
337 117
-159 99
-224 217
-310 -38
217 239
-95 -135
171 -230
-82 93
-130 -185
-199 -300
-268 162
-29 54
-120 -45
290 234
-304 -196
-336 -61
-70 267
318 -122
104 -118
11 327
183 20
-137 -144
115 -82
68 44
208 173
324 187
-313 217
74 -308
-176 -52
-78 72
243 291
25 -138
287 219
224 113
245 29
182 323
-125 166
311 97
-24 303
189 83
336 290
308 309
202 314
340 -177
-239 337
281 -348
-10 -282
-222 -180
96 253
149 195
-281 -345
-100 277
-5 -203
151 303
305 -236
69 187
183 -102
139 -68
68 291
103 75
246 -230
-350 -182
111 161
-136 92
-145 67
-272 97
34 -203
-12 -160
-16 332
-94 173
22 72
-67 21
-28 106
344 195
-112 -58
-235 320
39 299
-62 -249
113 92
-296 299
209 158
-78 -227
-24 -341
220 -75
-259 -62
-195 158
-254 -3
-109 43
-12 348
205 -110
40 90
-313 97
16 48
-44 -343
-187 309
18 265
232 137
-207 171
111 -104
-53 -245
349 -225
332 329
136 93
-55 -245
56 133
74 114
-102 -25
-193 -54
299 68
182 285
-69 218
-261 44
266 -262
-229 -254
152 124
137 183
194 195
-277 220
-47 -314
159 -156
-227 61
280 207
-112 297
77 -198
18 14
137 -107
-225 -26
285 -167
-333 -99
-32 57
308 -178
-219 -322
13 305
-79 -58
117 331
-248 -288
80 -153
323 -165
150 -77
89 -111
345 287
228 214
-270 -87
-186 -13
186 -248
-259 262
32 -253
-49 300
-60 69
189 -76
118 196
-240 78
-341 237
-140 324
-7 -200
-179 -288
35 -238
-76 132
273 -222
-273 140
120 -167
-190 -127
-325 293
-300 300
-129 -322
-36 273
60 -344
98 -339
-190 337
-327 254
-250 281
-94 -240
-96 184
-327 60
-245 -96
-87 123
160 116
-71 336
-97 -251
237 -173
85 -66
-196 -234
-288 -258
233 151
306 343
246 151
-192 152
-257 321
-65 70
-194 179
-155 76
-304 -211
-272 129
16 -6
-74 -38
-28 64
-217 104
-322 339
-206 72
154 185
-30 338
-77 -254
66 177
74 41
-171 189
-326 -293
339 -44
-161 -148
-64 254
120 136
182 159
-151 -171
-160 -5
264 20
-38 278
-164 87
-325 85
88 195
182 -124
107 -88
27 47
-167 -8
73 -264
-245 -277
-279 -234
-218 7
244 -298
191 -171
345 -179
22 -251
73 -212
-213 -304
173 -310
-198 334
-320 252
194 -130
-123 -346
-86 333
-186 306
-86 10
-297 304
-279 -166
231 97
-179 -142
228 196
61 -101
130 48
26 -70
215 189
37 98
102 257
105 130
283 -222
196 -274
-103 255
173 -266
-327 331
-22 150
-80 -293
-31 186
-130 66
39 237
317 230
308 -207
-158 -97
261 13
93 -127
-330 54
-163 309
-67 40
-324 -202
-238 199
95 -292
198 -279
272 -226
-322 303
210 338
211 169
175 229
-204 -52
-346 -58
295 -94
-88 -217
211 -329
294 69
305 -46
263 -70
60 -129
-308 -77
-185 -146
-281 -78
156 -66
-8 -264
-50 -174
101 35
69 117
106 -299
269 -270
-210 -291
-96 308
-306 -80
-279 -32
-172 -40
122 71
190 334
51 269
-162 145
-345 -298
58 61
-219 -132
116 -164
109 -181
-115 289
328 204
235 195
125 -99
-281 -174
36 -296
261 -27
-96 345
19 304
-103 29
-74 -194
-337 64
156 188
-17 297
-180 189
-256 328
-84 -293
171 300
329 133
15 77
168 -4
-274 62
52 159
346 1
121 -226
-275 290
264 -45
-264 -74
335 -164
-34 -62
-164 -40
-202 -109
89 -329
-173 -262
-341 -110
-98 167
89 -322
-192 178
62 162
-75 171
316 -350
62 -284
-32 -294
185 322
-93 -46
-283 -147
97 279
-181 77
-71 129
-29 -182
281 146
218 -61
-291 28
248 -210
98 -86
-228 156
-18 163
-49 223
339 -40
-117 -182
109 -59
301 318
62 -183
-97 61
322 -72
204 -197
-23 -185
-312 -160
164 -327
-40 -204
-186 -63
177 -223
345 85
-310 100
-58 301
-172 45
-28 -73
-23 89
-250 -40
84 112
50 24
117 -127
-246 -316
-329 -84
226 226
-203 113
216 -32
110 11
61 171
306 296
267 -348
-46 323
-188 138
-258 284
294 55
86 -33
269 -35
209 305
-343 3
-158 -107
104 -25
279 -85
-268 290
28 -143
-219 -260
332 -36
-192 -127
-66 -287
145 -92
24 240
128 63
-41 87
-285 -180
-188 -304
-227 -319
-158 90
-41 -65
231 232
306 279
-135 -154
116 -84
2 -73
-323 228
56 202
-157 25
89 261
-115 198
339 307
253 46
318 -48
321 -314
283 -41
161 -99
-233 214
120 -246
-168 240
28 239
39 52
-107 -265
256 -317
117 247
-137 279
-168 278
198 -160
-216 -290
-298 -339
-310 289
-38 -246
-162 -181
94 38
324 -124
180 11
-48 -231
-117 -126
257 251
94 243
-242 -170
83 286
287 -232
-331 -286
118 68
280 -94
290 5
215 -54
72 -291
-99 12
-182 309
-326 -289
-17 34
-168 -35
168 342
-44 330
224 180
199 -31
-228 -309
262 243
236 166
-198 206
-40 -287
-135 -220
-174 -203
-270 -44
128 -15
-151 -220
301 18
33 -122
-299 -87
110 203
37 189
-91 -325
-107 -300
-40 -285
-7 153
-323 124
101 222
-21 16
-136 -309
-267 150
-301 -255
67 -128
-187 347
172 39
-61 -85
-266 -69
-165 44
-294 -327
159 143
66 134
36 -1
-340 -9
26 -298
-245 298
192 -50
-277 184
-137 -191
-322 -251
-333 -50
-101 -85
85 -292
117 -21
-20 41
-259 -317
215 350
-165 342
-39 -340
234 -120
-253 313
-335 -125
-161 -272
-324 -213
-273 -305
276 290
-283 -259
-209 157
318 203
-336 -251
216 -49
-136 48
-150 -186
274 -115
171 172
-93 127
327 -300
208 -286
-123 243
-114 48
260 -270
80 -104
-81 157
-27 133
281 7
45 285
238 26
-176 -62
-209 142
127 -245
113 324
53 -264
-238 61
-119 -140
-173 201
-317 -134
-166 -286
-70 328
20 -120
-181 -302
-151 -334
-262 239
-136 -213
-275 -24
-219 93
-147 -18
-34 322
303 -337
-260 -45
240 276
107 -68
-102 -63
-150 -167
145 8
134 -191
-204 174
-76 111
69 -47
-157 347
330 187
-293 -117
270 -349
308 -5
125 -154
-289 11
163 286
-229 -350
-257 37
306 297
14 -257
-292 100
170 78
-211 -164
210 -244
-227 323
205 347
-316 -334
259 -16
-21 275
-222 331
15 59
185 -259
-276 -36
-150 -307
-226 -311
1 251
303 -126
302 97
-6 -146
290 263
240 223
-101 8
58 96
-156 262
240 157
211 1
45 293
258 159
-86 245
255 182
-161 55
-211 -116
217 -29
-118 35
-226 132
-223 -27
288 92
-9 -11
-111 -311
-290 16
255 -306
112 173
324 148
-123 -150
-241 -67
292 172
-201 -229
265 -131
-19 -194
-349 186
-63 -317
165 119
-235 102
-203 159
271 -142
60 -139
-312 60
-322 -31
314 283
-103 -148
-120 280
-341 -287
-186 107
-4 -130
-58 1
-275 1
-277 -3
-14 96
-305 36
-300 -245
93 149
-295 -70
186 190
15 -6
197 -103
151 32
-283 -131
-167 197
-12 295
130 -180
-307 -171
-154 -157
-11 -12
-347 304
-225 150
93 -344
-38 18
-252 -79
184 251
-294 136
103 266
-334 -148
184 34
-178 -142
36 62
296 21
-118 -181
-131 67
15 -260
-97 -145
-224 -187
-5 195
-327 -291
-262 -73
-322 -256
-338 204
184 -325
-36 -222
244 -262
-65 -243
330 293
220 230
302 261
248 -333
102 -205
-241 102
-201 -330
-22 -24
265 -318
-302 6
282 114
-136 184
-337 50
-111 -322
-79 -315
-267 331
-52 -31
-222 12
151 113
53 -96
76 -273
131 -254
-323 -308
-89 -154
281 -51
-259 292
-264 306
-175 -196
94 189
100 262
-231 -66
-300 262
-179 -103
-27 336
223 191
257 -2
167 83
-264 248
-340 16
203 -181
-249 90
-199 -322
236 207
-13 242
235 -327
-68 -212
247 -317
-296 -262
349 75
185 -107
-145 280
-209 60
-180 -278
202 336
286 320
-18 -31
236 40
-208 -199
-101 50
195 243
-88 -240
-171 37
-201 -83
288 161
-52 -217
292 116
-268 228
47 179
-197 -66
-212 -13
-73 318
-194 -207
-289 -76
-335 109
274 182
180 -52
98 -313
-17 203
162 -288
164 -113
278 38
-258 29
-92 -291
115 191
66 212
-165 -110
58 -142
166 216
53 -102
8 -163
37 190
292 -89
-269 -163
-246 20
104 -348
6 174
-87 -183
-82 -101
17 -157
-300 -266
307 27
-316 341
-287 1
329 73
-257 -200
314 -95
-232 36
55 195
228 -67
-218 -8
-151 324
-258 100
-258 233
211 181
160 276
-83 -38
-121 15
231 -102
1 -151
-136 -291
-211 -194
-107 -146
-86 313
-234 120
-206 -284
4 266
-206 -87
175 97
-143 229
142 -182
287 -211
-172 206
159 -165
-217 -164
209 68
10 303
-215 -248
102 -122
-123 175
187 72
-5 2
128 347
-248 1
74 -210
117 -28
-297 271
-227 -177
-188 -210
185 262
252 150
-146 215
295 -39
33 -300
-229 153
66 -323
-24 75
-63 -296
-314 248
219 110
292 -156
64 -277
-129 -119
31 -160
-334 -306
-305 164
-253 6
-156 315
-222 -27
115 264
-88 104
34 -197
-89 -180
-191 -97
175 -206
-59 -259
311 186
-310 347
344 128
-224 -212
-159 -75
297 114
-327 -154
-33 -60
-101 72
-13 108
283 -332
-20 -18
161 7
-61 -82
33 -270
178 57
230 135
206 187
-1 -272
-65 -34
-285 200
280 122
15 -102
-127 -71
-84 341
182 116
-259 42
-71 344
258 -76
112 -282
-2 -73
-293 123
-308 157
50 96
-183 -37
-255 -84
227 -281
-290 -210
-303 -202
39 -62
-121 126
65 -295
334 168
348 -10
94 250
-23 -90
90 262
77 120
204 -201
348 -109
-216 -321
-332 114
104 304
212 289
-138 332
-178 -319
-20 177
300 -306
-199 16
-136 -316
-50 97
146 -126
-73 84
84 118
-179 142
-169 336
91 -67
126 -276
-280 273
-312 186
335 104
-11 -349
-11 -84
70 -292
-199 -317
-45 -346
91 111
-72 -80
-349 32
-95 80
-27 151
325 -115
331 259
237 -221
110 267
112 -339
310 -28
-269 88
47 243
-276 248
-236 -178
-242 -16
-18 -206
-155 158
88 32
175 -237
-170 229
-26 -156
-257 -303
329 125
334 -336
179 145
18 -24
-103 96
-310 32
226 75
-59 117
250 -288
279 164
343 102
59 294
231 325
-304 -44
-132 -313
205 36
-57 -1
31 293
160 -129
224 -7
113 -225
175 121
75 -221
250 -332
257 -271
-21 198
303 -213
-320 -34
-140 201
152 -181
-268 -251
-25 -210
-301 284
233 105
-338 -147
-162 -85
123 276
49 -345
-322 170
-87 343
156 -333
321 -304
-315 -210
301 320
89 -130
36 228
-156 46
-181 346
31 -203
289 -150
118 127
-45 127
-274 56
284 -335
219 63
47 -274
-166 322
-335 -273
-48 -148
-48 324
-180 297
96 -170
330 17
-199 96
168 142
-332 161
-10 -347
330 20
31 -204
226 160
338 93
-119 114
-26 128
-311 158
-305 288
-344 49
334 310
350 -336
88 315
-181 -143
70 -22
-239 -74
245 -201
-98 -9
190 -54
115 186
-248 317
254 267
-208 -332
244 281
303 119
-249 211
-197 -54
320 -234
-150 -214
-159 91
240 -20
-84 64
193 -123
284 -289
43 42
278 84
24 -302
288 87
28 -94
239 -43
-182 231
191 -87
-74 297
-138 63
-34 310
-247 18
195 30
149 -166
323 130
-142 -209
93 -179
-210 41
342 -26
253 154
173 -343
62 -40
248 45
-21 251
210 -49
-53 167
221 28
-261 -50
122 -186
190 -74
-244 282
-39 226
-238 -85
113 36
-324 262
-261 -115
-29 8
56 214
-91 304
206 214
142 282
5 -56
-293 303
84 -17
-172 184
208 90
87 -303
135 272
337 334
70 -127
-112 186
-5 191
17 60
225 -309
-293 18
-174 327
-61 -2
212 -141
-103 -235
-261 249
250 -247
6 -100
85 285
118 -181
-180 95
-70 54
-338 -113
75 108
220 232
-347 213
228 145
58 -132
104 -251
-298 125
34 86
57 24
345 165
254 208
-222 244
-268 -316
-23 -64
-335 148
-268 87
-152 175
-263 188
111 330
244 32
97 138
108 -100
164 -231
-310 -64
79 -328
222 323
189 -33
-44 -195
259 -108
14 -92
-345 22
315 -30
-25 118
-41 160
317 95
160 189
124 321
233 186
-74 104
225 -18
342 -164
151 48
272 -153
66 109
84 -161
16 -94
-241 84
290 86
-142 254
29 -168
-171 -202
-53 125
-13 105
17 -50
-308 277
-168 -192
226 -27
220 15
-258 -43
329 -62
-312 206
-42 254
-83 -133
-314 -179
-57 -314
230 170
333 -238
-280 -105
5 -82
143 -261
335 -283
286 -296
-19 36
333 -33
288 68
-220 -94
271 -309
-307 216
-204 124
171 64
13 -154
241 13
-155 85
200 311
-277 176
-161 155
162 65
137 289
129 -194
63 -300
312 109
-261 277
-106 -23
-78 -67
118 -122
-301 -337
-176 -187
-7 276
57 282
-71 152
345 296
213 196
198 -206
230 34
37 280
-290 108
-12 298
290 195
-268 -337
-290 184
-37 -125
-76 -17
-192 63
-55 117
326 40
-274 -194
-18 275
-121 27
-84 -46
199 -206
-74 -333
-295 78
25 -196
141 33
18 240
299 9
-175 -193
-262 -24
118 -18
215 -93
190 -129
-142 330
307 -83
-318 -235
-280 -146
-63 -113
197 -46
-203 -75
246 -263
157 -135
-242 -260
311 -119
-113 243
-340 -29
-76 -180
131 211
-34 36
-84 -309
229 210
-246 -27
107 51
-78 -108
-319 290
-182 237
-264 349
-332 287
144 -58
-295 -338
53 -147
-116 243
219 -42
-154 -188
182 -335
-103 320
230 160
7 94
-323 262
63 -31
-279 -80
275 -224
-69 -87
-24 -195
-319 -305
-305 -39
-120 -208
-244 37
332 242
-30 174
273 63
-294 -155
-31 -245
-97 250
-91 -3
169 263
92 -143
-201 182
-106 -233
253 53
-7 46
-203 97
344 75
-260 9
105 89
-167 -253
-296 -253
-283 -258
243 -260
-232 -302
-184 256
-349 -271
156 271
124 209
-175 265
-137 -167
323 -78
-186 76
58 59
97 336
263 -223
-49 -335
-158 232
180 -159
124 -104
203 -6
-323 90
121 48
-340 303
-334 339
-349 30
-332 -270
145 -59
-30 -143
176 329
62 -221
231 -32
-17 -23
-239 -231
10 345
167 -18
-308 -243
-174 -211
123 269
189 15
326 -219
49 44
-311 -157
-132 349
263 209
-36 -318
278 128
32 -7
-20 153
116 291
-33 -151
202 -52
-64 119
-335 308
-148 -288
15 287
-57 309
286 -149
118 -216
202 273
-144 279
-324 91
-184 181
86 -36
328 302
107 -218
327 139
-127 163
162 47
-341 173
198 55
323 27
165 75
-286 -87
-56 -197
125 140
-164 -224
-191 -244
294 -122
-265 87
23 267
169 -121
11 -316
111 40
-142 2
-4 -97
-52 237
-260 -11
181 -146
-108 -55
-169 -331
-135 -32
12 8
-114 3
-135 320
254 -15
106 62
-115 -117
-95 214
-47 -348
-73 138
344 34
343 108
90 -66
219 -91
2 332
29 227
39 -256
112 270
-60 -130
-319 -316
191 -16
-261 -243
-286 -306
49 160
-279 23
-166 319
193 347
-193 -315
-312 217
-268 -229
-348 328
-328 -260
-296 -117
-273 80
274 113
347 249
-70 -312
-219 17
155 -311
107 247
-246 -52
84 -271
-280 -342
345 -134
-94 -73
180 76
-155 268
31 -168
90 -330
-50 199
235 317
-305 -132
-52 -62
-315 85
101 -94
-198 6
-123 -165
95 -40
-256 11
-72 -1
-125 281
-287 -298
-345 -218
291 -335
-148 65
-109 35
152 152
119 -6
-85 269
-115 -325
239 -77
-179 34
-268 157
289 183
-219 220
-133 177
-251 -201
162 186
-276 -330
-208 -320
-22 -345
73 158
-61 -40
-136 279
198 335
175 162
-246 51
317 -12
333 -167
144 265
289 -163
-252 -1
-298 249
164 -229
128 304
93 -6
66 173
303 181
-45 -80
280 -119
181 -182
251 262
-235 -216
50 226
160 -320
-38 -86
-96 -262
-306 147
133 337
-100 -110
90 114
-268 118
167 -261
346 37
329 333
-35 121
-37 -270
253 141
-125 136
97 285
-122 -225
175 138
211 -253
91 -285
83 183
-187 -140
-201 -338
1 11
274 345
-260 -31
-143 -205
60 329
83 276
-79 -24
-332 -138
-111 129
329 -321
-82 233
166 171
-180 -127
105 -256
-154 -18
137 -233
-82 -296
107 10
-14 37
219 185
-24 161
-39 -129
142 -235
309 -291
-102 191
-1 313
17 140
-115 57
-231 346
94 -237
249 -63
-16 -80
-68 -298
186 176
309 116
284 -250
-160 190
-312 -125
-249 267
-95 138
205 269
193 313
-335 -212
46 20
220 -310
147 -83
-121 138
5 -224
-50 -23
-181 319
-312 -114
229 -41
39 -160
-167 -90
317 190
118 -273
-338 -338
-140 156
-256 -185
42 -30
-333 -253
337 255
-295 -201
87 169
217 -142
240 -170
317 -126
-177 -155
-281 221
-343 181
244 299
329 79
141 23
-118 -194
-168 255
212 -155
197 -244
-292 -82
229 -8
-132 -166
-287 276
32 306
232 41
162 171
-224 307
-217 -300
-135 123
210 -94
86 283
306 186
134 275
-239 29
-130 -62
-286 326
329 -123
-346 266
286 264
-303 312
-181 342
-202 342
256 295
-207 -97
347 14
-256 319
200 -263
-175 -187
144 189
2 -130
-126 264
28 301
-326 -312
-277 131
-265 -43
176 -325
251 298
135 29
67 194
226 349
149 271
253 79
-39 -346
-42 -267
224 -300
-207 44
-151 147
-15 -196
212 -118
226 -250
-326 257
334 97
163 -179
-188 185
-244 -173
278 -2
-58 62
-165 -296
90 -30
12 -96
113 155
235 -83
-340 171
40 -135
-253 315
-148 -348
-109 244
-295 347
-112 229
-113 -296
125 186
-224 195
24 177
28 23
-231 79
297 -129
251 -191
225 -6
198 342
-189 114
256 154
281 314
-69 -77
-232 -135
-207 325
20 -146
-270 -258
77 13
-112 135
190 -75
203 -36
108 288
-32 -113
62 12
-327 -201
86 233
340 -251
-60 -249
-28 -121
111 -221
152 257
-266 -193
179 230
326 237
-225 59
347 -44
343 246
14 321
234 168
-296 -40
-236 -225
-55 180
304 42
68 272
-71 14
-148 57
-211 310
-83 -14
44 317
14 17
103 -338
-121 172
330 43
287 -134
320 -217
-257 -99
345 282
-342 320
70 -201
-18 110
-325 280
246 -164
-287 -227
-280 303
85 -324
-5 -265
-14 -44
127 -18
150 -266
-311 340
136 265
292 298
-267 -77
117 -237
-196 -336
-202 295
-348 -241
-200 -286
10 -281
-153 -232
310 342
268 78
199 -119
-86 -62
-49 265
-57 -228
340 231
11 274
43 179
173 -52
-19 -24
-199 -174
-87 166
127 132
-81 338
244 335
-199 71
251 -342
68 -109
133 -345
152 -207
-43 34
201 -161
35 129
21 85
-129 -323
145 258
-90 -148
125 294
120 -147
-315 -178
-182 37
309 151
-261 -183
-338 -316
163 -223
230 197
234 -269
296 -276
130 82
-82 -38
63 305
96 95
-229 -71
188 -83
-275 337
197 145
199 68
310 -231
-54 -293
85 -184
-97 -165
-61 -234
96 -124
2 -286
-221 219
-323 111
78 -250
-113 34
-229 -229
114 191
-332 186
329 -140
-123 207
20 93
3 -78
267 -219
208 -17
6 -255
-323 -29
-277 -177
228 146
-236 111
-56 -112
171 -223
218 -325
-339 290
133 -109
-222 -204
4 -224
7 -44
-127 57
-241 -8
219 -246
-47 -55
-198 226
298 311
-331 -146
-254 167
-17 -104
27 -134
-46 -344
-195 243
-343 -316
-266 -30
82 -147
-245 5
32 -203
-321 260
98 -344
-137 162
170 -183
301 -204
-132 178
-161 -101
-286 -173
-30 130
-349 -150
53 -66
-264 281
82 -22
259 -136
-47 -236
321 -196
127 -186
226 -153
-209 -299
21 159
78 80
227 -160
271 -58
-256 -135
150 135
276 -259
201 -168
-157 -167
-19 192
133 -192
194 264
335 74
-266 350
-314 -297
-36 305
-269 -131
137 -248
337 -321
-349 199
-190 -337
206 161
-131 350
43 342
-225 91
-207 350
118 140
-116 -174
-81 -164
-94 -307
-301 95
7 151
-146 138
-200 23
248 283
99 63
-268 190
327 305
115 -199
-84 8
335 -258
-309 -292
-5 -64
-304 174
242 -124
262 -150
-261 -270
297 -76
-311 11
22 184
299 -172
-236 -90
-197 -237
-332 -14
-180 -254
-217 -3
155 145
-332 162
259 -160
-36 187
189 -136
14 55
71 -170
77 -154
-212 -254
-112 -173
140 -81
215 -338
213 -333
-147 -109
347 289
300 61
-188 122
219 -72
-267 272
-341 317
-279 -46
-250 141
-135 18
40 -84
-196 -45
193 -103
-7 148
-193 -273
-84 288
-206 315
-168 34
-213 154
-247 -179
168 138
219 144
-230 154
-224 -7
-217 195
264 80
-263 -269
261 -47
206 151
-25 -10
-216 -108
178 216
177 -74
157 -244
-177 50
-167 58
153 73
-79 208
-325 -304
-263 277
26 230
-131 18
17 -196
27 284
-40 -260
-348 141
-201 307
-11 140
173 129
224 -271
-310 236
168 322
61 -227
-327 126
-225 -260
12 35
237 -14
-330 219
-116 -98
20 133
49 326
-139 -318
-92 314
-189 -333
-163 46
46 -234
167 104
251 -270
1 183
-95 -5
-97 127
199 22
296 -156
161 -222
-336 319
-282 191
290 -335
312 45
-320 -334
205 231
84 -12
46 215
-197 -98
-10 165
-163 -193
-150 -187
167 185
-142 251
-123 132
236 -77
-49 221
-53 -218
133 265
40 -237
-78 -115
-47 -179
-41 -147
176 -138
310 -7
-214 349
-156 62
-35 -319
-120 -328
-51 195
-190 -270
210 207
321 -336
243 -42
-64 7
284 -252
111 221
-184 -216
-37 -338
-171 -143
-188 -326
-249 26
-43 162
66 -59
206 -10
293 135
-124 -308
-74 70
54 24
-241 228
-335 298
165 -28
213 127
297 -306
265 -61
-346 -89
-350 110
-267 333
331 -205
-215 325
-137 136
-146 345
127 -39
-163 -201
-44 -315
-110 185
129 65
333 -2
27 -227
53 -43
-296 170
3 -219
-18 -273
-224 161
267 -159
-32 5
-265 108
-204 -35
230 -93
42 328
-53 -131
273 -219
189 159
247 -127
-203 223
-221 -121
331 38
234 -87
-83 -114
91 23
-302 344
74 82
-100 196
0 151
-306 100
-9 58
34 43
282 305
233 -90
-61 98
-25 34
113 -256
330 68
-314 141
-305 -15
217 60
129 103
330 -289
-5 312
-20 -204
246 137
-82 22
-162 -148
-345 -333
-290 237
57 62
-52 -242
252 100
-65 236
106 -98
-103 231
33 -191
160 21
-21 -208
211 341
-59 -240
-64 -10
-160 201
-199 22
-237 116
-140 -321
-77 64
155 -171
-192 -159
-186 -304
119 281
-242 332
-314 257
43 -277
104 -59
75 -293
28 -90
-17 -187
285 -168
-228 -106
-2 3
236 16
-174 247
-271 -273
-174 165
329 -120
69 -299
96 306
-245 340
154 -50
168 -94
-316 -81
101 -320
54 203
326 -139
-229 -77
145 200
-222 127
-335 64
115 -43
221 74
-210 258
75 -306
269 206
179 -189
87 -60
79 -154
-217 -123
338 -240
-156 305
-97 240
42 17
141 201
35 -42
-337 -22
-92 321
192 -285
-344 -326
307 67
263 101
-241 132
-95 317
17 -80
-71 278
-226 -37
-261 -251
-241 307
-19 223
-307 -124
214 290
238 261
309 23
-45 0
-242 -266
195 151
314 14
-293 -223
217 57
-209 221
85 -150
284 192
-159 150
-127 48
60 310
125 169
-268 183
-9 -149
331 106
210 -217
313 316
333 -229
-175 209
-209 -129
-318 -94
217 -134
-189 -269
64 195
-188 262
-4 240
-256 189
313 42
69 -148
-38 -241
-196 -61
-321 -309
-157 -218
-175 -329
97 276
-71 -118
-98 81
173 320
177 -20
292 -347
124 -82
2 339
101 80
292 -80
243 -213
175 10
-232 116
225 193
24 -143
224 -11
122 148
292 43
343 -171
43 72
53 -328
-155 267
158 169
-111 110
-38 -278
105 -145
158 342
-332 345
259 65
349 -18
-291 199
62 -244
-222 89
-32 147
320 37
-237 264
-58 -227
24 343
25 -341
300 189
-114 -19
238 -167
-257 77
-291 -318
-27 44
-202 177
-256 -51
-94 -6
-291 -292
-22 -39
-267 -233
251 -6
-97 -139
-341 1
-117 223
311 -206
-321 -321
295 155
-219 126
315 -307
271 108
317 45
138 192
-327 -345
257 202
-230 -29
49 -180
349 313
-9 -64
263 94
-281 -304
198 -30
-22 204
14 319
-348 -63
-202 192
52 -130
195 -284
225 -143
-256 -257
348 -238
82 233
-154 234
200 266
50 158
198 -346
212 -252
142 -233
258 170
323 -160
345 140
-215 326
-259 155
65 146
-280 256
304 94
120 159
-137 -313
115 -211
30 -55
-61 72
-100 87
215 -242
39 66
-149 -244
125 -186
-342 344
-56 -302
-311 268
-142 -321
156 326
-322 -13
-208 -319
76 -202
179 142
-25 16
329 -279
-231 295
-307 279
315 181
-219 222
-73 -124
-129 -147
261 -109
-350 339
166 -289
-324 67
32 174
97 -209
-284 -77
16 129
99 31
9 145
-199 157
128 14
256 75
-261 -157
93 -135
31 120
122 107
-139 38
156 350
-12 88
333 119
255 -303
-135 -260
56 100
-152 127
-270 276
298 -122
43 236
-181 -237
-302 -134
106 324
-343 14
235 -330
10 -191
262 -337
-176 -66
294 -276
0 167
-86 -270
115 8
337 220
327 61
-195 61
309 231
-184 -3
104 136
-326 -97
306 -125
35 -82
-318 -96
313 89
-80 72
12 -121
21 308
-13 33
237 -218
-126 -7
-74 101
305 179
-162 281
14 -279
6 -286
158 107
-241 -344
-197 -43
12 310
-282 -95
-95 348
-294 62
-124 73
-139 28
-224 -292
159 -104
132 -228
142 27
10 -127
-138 -306
318 231
-14 204
-306 272
-289 328
-285 249
-282 50
-321 -27
185 218
-295 -9
324 -226
-120 11
137 310
39 -203
-163 -13
47 326
162 -153
83 253
323 35
-207 121
-233 -308
273 -251
271 75
-170 264
189 -252
281 126
296 134
-234 -186
137 -282
-249 -123
199 -172
-58 291
9 -19
203 -104
268 -276
-308 -205
-350 210
190 17
-347 -90
-156 -142
-26 -317
-343 -26
315 248
42 -247
85 118
173 84
-254 72
60 220
-109 -163
-50 180
124 150
-323 -89
-232 -290
-91 -66
48 91
-331 335
-135 12
-164 -293
-83 211
-251 102
-131 264
-229 -81
70 -70
-247 288
-89 100
195 -293
-57 192
-249 13
167 -173
221 -262
204 -34
-104 -83
295 228
74 -306
-264 256
-119 -270
-20 -281
18 336
317 -89
-237 -337
305 -276
-75 291
89 313
15 -99
-63 -112
110 42
-33 -195
-222 286
-312 -163
-165 -93
-160 257
-252 215
35 -18
-289 -297
116 166
33 -132
-216 208
-336 -233
112 -161
-154 348
33 -114
163 74
27 260
-26 22
60 -336
141 286
-290 -163
1 350
-166 -267
346 -311
-206 152
308 -103
333 -131
207 304
-157 225
-277 133
-193 -141
133 280
1 -138
56 189
334 -343
-205 199
23 4
162 189
2 263
-142 309
-261 -296
254 155
115 -16
-202 -96
234 186
-145 85
-147 -7
-266 155
205 318
-161 139
-117 144
-340 332
-194 173
-260 -5
-281 135
293 27
-318 -85
-141 158
-249 11
269 -236
-245 -235
-253 -311
202 -243
239 166
125 -41
50 178
-148 -326
114 89
-66 -341
-331 348
350 270
56 -26
129 -282
-183 176
-206 -6
253 -139
57 -282
127 11
126 -152
-176 80
110 -262
-157 -37
-349 -301
-328 -313
63 322
-348 345
-296 -187
242 85
68 -96
-264 -192
-12 -265
-125 328
252 29
-287 36
9 35
-134 160
-298 51
-203 153
254 86
-236 -149
-171 318
-208 -180
246 87
-170 274
55 -341
43 -178
-187 -287
253 -21
81 -330
-106 162
9 53
-349 95
-49 -127
72 294
350 -163
-198 202
-260 212
145 56
-219 -142
-334 -184
192 -18
115 -20
322 -322
-343 -217
-113 175
140 -236
-74 -320
259 -320
67 179
339 68
320 109
-61 -198
-54 77
-57 83
91 -62
317 -276
-348 0
-198 -238
-301 287
-197 300
135 274
-44 108
-277 258
281 -22
-230 282
-19 -243
-281 227
340 -9
-124 127
219 305
-159 152
236 -287
-120 270
153 -303
172 134
-99 -240
54 1
233 188
62 14
248 -325
-233 153
-203 -217
13 -65
59 327
-101 139
-45 -40
36 -183
343 -57
-256 -31
226 68
-178 -116
-172 39
-55 -68
-84 241
310 -348
-242 -101
-58 233
-64 -280
29 168
143 -280
188 258
12 -81
270 -297
85 -272
-169 -186
140 90
-13 -84
103 -101
-247 30
342 -122
-245 71
0 79
18 -12
200 -249
87 41
37 -36
222 69
-5 201
-147 213
-35 240
-335 -48
143 -65
-76 -317
258 207
-160 283
-87 206
221 -46
212 57
146 -205
0 -287
133 188
-230 -21
331 41
157 38
142 305
36 -82
-3 -197
-112 257
58 -109
195 -51
-236 -120
78 -63
-272 -267
16 -175
179 -194
-58 -125
-84 -99
-43 -248
-154 224
-258 -309
-85 45
-83 -128
268 -44
-194 -82
-214 -184
-63 113
-214 166
-144 -234
183 -246
320 297
-29 -294
146 113
-249 -130
180 -102
23 -175
-27 -7
95 -90
-311 -103
-34 -195
-215 76
217 194
-270 -206
92 189
-333 -169
-33 -190
-164 -344
302 1
-309 -323
101 40
260 -284
263 274
-265 -308
147 -259
-7 109
-22 60
-68 -74
-340 -117
-205 299
-213 -260
-247 192
169 -244
192 140
306 179
-343 -38
204 -279
90 -13
273 56
167 -294
144 -295
-318 20
-183 -334
152 345
0 161
-229 117
-97 12
52 336
-125 -7
39 -120
283 -272
-85 -157
125 -69
64 -82
116 309
338 323
105 131
-170 -31
307 -69
349 -87
98 202
213 -323
47 305
-278 189
-117 128
-122 42
-194 61
-129 -94
114 -79
250 -166
223 106
298 90
154 274
-260 280
-117 -339
-177 -102
17 210
-104 304
-68 205
-56 130
-313 36
328 194
-75 -230
-145 -66
-134 -16
-238 -4
318 -332
6 348
111 60
-122 86
-212 -224
-217 -89
-318 207
18 173
-24 -8
-65 -51
37 -206
-128 132
40 282
316 284
28 268
-19 -97
-144 -67
37 157
-291 69
-79 -182
-184 197
68 256
-203 -286
-78 -341
263 -160
219 -278
-68 39
-171 269
-336 292
182 -71
60 -307
61 -334
270 187
180 343
75 201
-295 -40
335 -192
195 1
-263 -119
203 172
326 -157
-296 -328
-92 -142
-203 -320
303 -221
-108 106
-184 -238
113 -213
320 -342
-277 -13
309 191
126 -1
347 -125
-132 228
138 -334
-85 -313
-22 -34
-90 -320
132 125
-182 127
249 -317
101 -118
333 291
33 -51
236 116
-53 341
45 -348
103 -279
-337 188
256 202
25 24
-87 120
-231 159
-58 -265
266 -181
266 -37
-9 308
193 77
-314 35
-7 84
-100 341
-289 263
-291 -210
20 145
-179 -48
31 -86
-187 -233
34 285
-326 28
239 -242
308 -255
65 29
218 -83
-202 -298
-70 -294
-163 -162
-194 -206
162 -162
14 214
219 243
242 21
-247 266
171 -159
-144 -243
-99 327
-52 -226
-330 108
109 -276
-213 -275
219 266
194 309
195 -118
-131 205
291 67
331 -182
-14 -230
-69 -94
314 -10
-26 -48
112 -183
308 -9
349 201
179 87
-178 -220
-220 -194
150 261
-76 264
-229 329
-248 21
-75 -266
348 206
-196 233
-251 263
155 -123
-121 282
-73 219
-153 -79
295 180
-127 29
342 290
273 -59
136 -344
-307 -85
120 -237
253 -348
281 -12
-199 168
55 -296
-121 57
-72 226
-269 314
-75 342
226 17
-331 -72
86 31
89 331
26 179
193 -141
156 174
-234 -222
119 -237
179 184
-52 222
-342 224
-132 83
-265 127
-294 -317
-283 107
-291 -262
-45 -203
134 205
-36 -15
230 139
150 -113
-311 -141
-108 116
-110 -152
164 -280
-31 12
-67 79
300 -128
-204 312
170 307
305 -192
-75 -186
236 -177
-126 -248
-195 254
12 -241
307 152
-201 -85
200 318
338 -312
217 -225
-295 148
-139 -320
104 -274
85 -22
-152 -218
-183 339
-151 336
161 224
15 -106
-143 -169
-270 171
-188 42
-105 120
91 -320
60 152
350 45
-102 -234
-72 -261
44 -93
-192 146
212 -225
-251 150
61 61
60 31
-263 208
-349 9
-54 -125
100 -218
105 -307
-201 -148
191 -44
-295 54
-174 227
-207 248
-313 -269
-4 -54
162 -184
-312 70
-281 107
9 -181
186 135
144 90
-61 284
-60 176
-212 -334
115 339
46 -209
-251 70
285 -126
280 -50
153 240
-303 -56
-65 26
331 338
-61 61
-278 324
-280 279
-250 103
67 -258
108 -284
141 -320
-182 -140
-58 212
-181 -2
-133 -35
349 307
217 -242
-267 -42
246 -44
13 283
-234 339
-346 102
27 23
-245 -71
194 207
-109 -288
-187 196
-168 339
305 335
18 324
60 168
346 274
289 76
-55 -115
293 160
221 139
-181 -145
43 11
-296 293
-143 187
182 33
185 145
-150 -203
-267 75
239 290
-67 177
136 -253
318 280
115 99
-141 312
-48 21
-121 350
204 -328
280 235
139 337
37 275
55 90
-53 -33
-205 -80
-179 321
-196 -349
236 185
-31 -108
332 194
-265 -35
-314 -132
162 -98
-147 265
-82 164
188 117
345 -196
-334 -195
-284 223
-337 255
-80 349
338 -141
-132 -95
15 -277
-230 256
234 -233
-268 -25
92 4
-155 177
271 -125
-163 -15
284 -182
264 107
161 135
-91 255
233 315
-19 -296
284 231
-31 -344
202 294
-241 209
-339 246
-264 -175
-62 340
332 152
305 -56
120 -89
-246 -285
106 -126
87 -251
-289 275
-11 -135
329 112
205 283
-83 -124
-206 -344
277 -328
266 189
-21 59
-72 -266
202 -200
-344 -5
-25 -115
-14 164
47 178
100 277
-174 -262
101 -261
161 -243
251 43
144 35
148 -26
253 198
-84 19
-87 -303
140 240
-321 85
-113 -63
-262 0
-304 158
132 329
-262 -267
-186 -17
129 245
201 20
77 232
297 -112
-98 338
-336 243
-22 182
-273 -234
-88 125
16 346
345 121
-219 108
-17 299
-267 -283
-115 263
-320 159
205 75
68 149
-172 -159
-196 -78
-210 -113
143 234
-295 38
-54 145
75 -341
-188 265
-204 12
40 -26
311 320
-73 273
-227 234
250 116
342 71
320 143
-140 -254
208 99
195 -251
150 -138
-330 52
-308 302
-45 72
54 87
-192 -266
217 -99
-282 -143
132 -286
317 341
342 341
-342 95
28 144
181 139
-223 152
287 -41
300 79
-346 220
-299 4
279 -151
-145 124
-303 86
108 -68
298 300
314 225
-243 -161
-306 178
-181 23
154 15
69 248
201 149
-298 190
125 233
172 66
-121 -267
-44 86
-205 329
-63 14
188 43
267 30
-346 -307
-125 -13
136 322
-203 -175
279 288
-190 -308
22 221
99 216
9 59
242 -113
207 -247
174 -291
46 -330
-225 124
-308 43
92 136
120 -57
-6 -148
-297 -89
-102 126
312 -83
-251 202
-193 121
-294 -281
112 -315
35 51
-291 -1
-250 5
-132 260
143 69
16 -72
339 102
302 -42
266 119
-81 -110
-209 -78
-316 8
-325 134
-300 309
-243 -224
-62 -276
-214 -42
10 113
194 -289
140 -328
289 -81
180 -281
54 112
-199 226
-337 1
314 -221
-139 339
44 -246
262 -34
-123 156
233 17
227 -196
269 -239
-194 -40
77 -8
349 -194
131 -75
261 339
-197 67
332 289
-251 -281
145 -102
25 -77
-158 151
305 207
-178 -224
-203 -227
-100 167
-349 165
-347 325
-161 -19
60 -8
-243 -140
-298 -81
-88 144
-59 -119
-205 -234
-190 93
279 65
260 -310
204 325
-92 -100
166 -349
-324 333
182 106
-52 -165
238 -7
-263 -253
-34 -160
41 40
-238 -67
166 244
-162 -98
-265 318
6 245
-96 -113
-206 63
37 49
-81 184
218 -58
304 -184
22 -220
138 115
-249 -66
-299 210
239 -306
25 -43
-238 -121
-329 -335
-268 276
-140 -203
-331 -51
-244 210
-101 285
21 326
345 -319
-58 80
171 -313
-95 -117
-244 214
-235 337
264 207
286 282
-143 228
338 -182
82 254
119 -272
-4 -289
146 85
71 313
-162 31
216 229
-43 289
195 288
144 -164
20 107
-27 22
-67 234
75 276
218 341
-29 87
275 -64
-290 151
257 -39
295 -148
268 -341
-57 -200
0 -138
7 264
98 52
2 -233
345 -85
-302 95
-51 111
70 150
65 339
33 302
157 126
115 -260
216 -184
-329 185
174 282
15 -272
78 -288
260 -248
13 195
234 261
-150 49
-43 173
-119 -350
-203 -51
343 344
75 -345
14 247
17 -85
-276 -344
102 -157
283 282
-348 255
294 316
-30 -204
25 14
-192 -68
214 173
255 -296
-156 157
-317 53
-225 181
-202 45
-119 -30
-245 283
-213 -328
169 84
74 211
-133 319
70 -224
-13 -199
-232 222
-129 -148
-344 185
324 -238
194 -175
-59 -172
277 -116
217 -287
-184 333
-274 -179
-57 -317
-141 229
107 -24
144 -199
-8 148
-171 -45
167 -68
107 158
90 -42
14 131
304 -317
212 169
-88 -321
215 -236
168 115
245 138
-143 -4
-213 -23
227 274
133 -332
-8 -166
-294 -252
147 173
111 341
169 222
-224 -242
60 41
60 -37
-64 -254
-98 -56
34 -119
127 -106
232 -217
95 129
-302 -23
201 -41
-303 -46
264 227
62 80
23 344
54 328
-6 -296
21 126
286 -282
-66 40
181 -280
303 148
286 66
320 257
307 -275
226 -119
95 19
-250 157
269 -293
295 171
183 -86
107 -42
-297 12
-341 -306
31 237
-127 129
-169 -312
336 42
-336 21
258 262
-236 -110
-33 -341
206 -150
251 -338
343 -215
349 127
-190 -59
242 -12
246 155
-91 280
-44 -22
-244 -308
337 -316
-218 99
-70 -97
-81 324
68 239
342 -217
-231 147
-183 -94
53 275
106 311
310 -96
235 253
-311 -94
113 -84
50 -211
195 87
295 108
-207 58
232 37
318 165
33 39
-220 37
200 168
-69 166
-49 48
148 -187
-145 -231
-55 -252
-112 -246
296 -309
185 43
-326 -325
195 -304
153 272
107 -169
-3 143
-305 274
144 -210
-4 287
5 -104
163 170
-125 -134
-106 -108
-291 143
235 -285
-25 -312
122 217
-143 298
182 -87
-338 275
-212 -220
23 -169
30 -157
-258 -268
1 -54
1 127
12 -165
-282 -82
-42 -327
-330 242
-244 250
-36 -73
11 -323
-86 -86
-278 -311
-49 -253
-327 82
209 148
339 -9
-128 119
-16 -105
108 -289
-98 -329
-261 262
317 -299
-124 -258
307 231
320 -223
4 -256
-75 94
-328 204
119 -192
-141 62
323 199
115 -14
110 116
-112 -2
141 250
132 136
-101 -310
253 13
-320 -284
-217 -15
8 -105
82 -161
42 -173
245 -331
-334 -309
-34 251
-36 -343
-234 -92
-314 -197
-26 -197
-26 -248
-28 52
-224 -298
302 -245
-309 -39
-176 2
208 184
-304 -16
113 70
350 -21
-24 -281
324 -29
-266 -204
-26 112
222 176
331 122
273 317
37 12
69 -238
283 290
-110 -211
181 -228
253 125
350 164
277 100
155 -170
1 -216
15 -47
-72 -303
79 180
-32 330
-110 88
350 -121
-264 133
-298 53
-335 -253
166 -23
259 172
-277 -27
-296 -150
61 -19
-336 -254
217 -42
-97 173
-14 -236
-99 -348
-271 -225
85 160
74 303
306 -143
137 -82
23 -197
-101 -35
147 -15
-280 -116
214 138
242 254
-138 -232
110 222
-162 -337
-154 -67
-238 -209
-67 270
339 -186
-303 11
304 -90
107 -302
-206 237
-330 197
244 -269
-35 324
329 -303
-203 282
-103 -63
158 124
170 -231
70 -339
31 -286
146 199
100 204
-237 -142
-137 262
-135 98
18 -34
260 183
-331 -119
-192 -211
207 191
-286 274
100 225
316 301
-154 -124
-20 -339
-95 174
343 -19
30 147
206 -323
145 176
-317 97
100 -77
333 -36
-40 -126
273 -284
-57 -131
-252 -200
-179 -60
-256 -326
53 -11
121 96
101 154
175 -103
45 16
-156 190
139 221
183 -310
239 -181
301 -170
-241 91
-53 -296
277 -96
225 -99
-155 -177
-148 240
-266 37
186 -114
-255 156
289 258
95 -336
-160 -290
183 22
-180 -341
87 155
156 -9
-253 -241
305 -16
233 -256
-214 -121
178 226
-327 4
-297 349
248 -78
-208 -216
232 260
-55 -326
41 -292
-203 181
149 5
-219 247
12 50
-116 -213
118 -282
-18 -312
-26 205
-319 -278
-86 -48
-242 -139
1 230
-23 -1
335 122
322 -20
-92 -259
102 -191
-189 349
-269 -61
-301 -69
335 -201
-303 -170
-133 -267
-164 -178
-120 -199
80 129
-310 -68
-337 -176
-78 294
-271 -58
-321 184
328 -148
-328 -181
-349 -252
-167 19
-187 -126
96 100
-177 258
187 243
263 -149
-310 -145
-300 302
87 -334
-24 209
62 341
315 15
23 -84
-347 238
226 -76
-155 215
-145 14
149 194
110 -263
113 -249
79 233
-53 -290
-338 -219
276 -12
90 -186
326 -136
-324 75
206 325
-285 310
-191 0
322 -272
-312 145
36 -168
78 260
-16 -236
348 136
317 174
261 -39
35 27
-213 -247
-177 -350
-212 274
194 -81
-77 346
-202 82
323 252
154 -231
18 -321
-335 -328
-22 -29
-276 313
-210 235
-111 69
182 -319
-161 176
234 180
121 46
91 -106
234 -58
-93 -121
-220 -169
164 -155
166 25
324 -300
-252 -227
-71 -227
-311 -116
-130 -184
-126 102
-277 222
341 2
-294 -260
38 -212
-96 227
324 -46
-207 -94
205 306
-100 267
271 203
66 -335
-188 242
-87 -227
-176 240
125 341
11 -99
-268 -203
36 186
-337 -29
-251 106
79 18
83 -204
265 -268
-258 -346
8 141
-39 167
-103 -121
211 -37
283 -189
58 -54
-201 -249
212 304
-294 113
11 26
68 -230
307 84
-252 270
-84 218
276 152
-289 -308
312 215
-49 -273
187 -256
-116 213
-19 233
-199 349
-293 37
25 -119
-91 211
144 -193
-89 -274
-286 -214
60 185
-292 125
-304 -335
61 184
89 151
226 -341
-276 55
-7 342
81 -5
-265 205
188 272
-155 277
-43 -284
69 322
-137 -200
-73 27
-336 285
29 -55
-101 -292
-134 207
322 -37
-228 9
-143 -158
163 -306
309 -22
21 -65
56 288
-28 17
348 148
57 -81
-110 -125
-16 -75
183 -249
309 -90
-283 -47
-284 -120
11 -113
148 -301
-213 -196
121 97
25 -65
4 342
81 335
-264 -127
227 -252
88 70
-346 284
-242 216
291 10
246 -206
238 -103
117 203
-314 -182
-141 -84
-288 229
-205 261
60 -232
308 -235
-67 -78
-224 -87
266 -251
-16 290
0 350
263 22
137 -325
186 -104
194 346
3 -282
-253 -226
-159 241
94 -27
44 18
327 196
10 264
208 -110
317 234
47 139
-147 -335
168 -112
6 159
-150 64
213 -189
-91 191
211 -309
105 -324
287 146
-332 -321
-157 -348
-26 -312
3 -111
-349 56
-26 79
-271 122
12 265
-10 350
278 -263
-145 221
51 94
225 179
75 -69
287 198
-233 -147
172 221
303 318
168 9
-178 21
-232 -130
340 327
-222 276
108 130
246 180
160 102
-238 -1
106 -165
-329 -23
-133 18
95 236
-98 38
90 -28
-181 331
-343 -105
-253 -155
176 123
339 -202
86 174
57 -73
-2 260
-71 -288
330 53
236 -110
-122 -163
-104 253
-123 2
17 25
-197 109
0 -321
-279 259
202 64
9 -37
-18 -142
-94 293
-184 265
64 181
294 48
-143 312
-285 -246
92 -135
124 31
-218 209
36 -280
-230 -324
-220 -345
276 -309
198 -49
-340 81
-58 -203
-298 277
-142 -22
326 -90
-278 94
319 208
262 -234
7 -139
30 23
-181 133
-278 12
286 124
-95 -101
239 232
-253 -202
14 267
-273 130
-223 -300
-255 164
54 -325
320 -80
324 13
106 349
-44 269
17 129
243 74
120 -299
253 -216
109 187
-131 -100
281 81
-205 -193
-80 -116
-296 -164
-329 -309
13 91
7 167
166 -334
30 -1
-214 -15
184 295
62 -2
91 159
285 -71
107 -264
104 -261
284 -274
274 27
-186 91
-42 235
-184 -177
-123 -202
46 97
-151 14
-100 -149
-59 346
-266 -197
-293 33
8 -44
-238 -307
-155 -81
-229 -145
-195 283
-249 -59
191 331
333 -165
17 -163
53 157
-214 69
134 -180
335 -24
-272 -329
301 143
37 -20
-138 -271
147 178
-348 -39
-342 308
-269 -82
214 322
-33 -23
-137 337
-14 -325
-9 -92
87 -287
338 213
269 81
-210 -133
183 -143
90 113
-285 64
-41 233
-11 212
-210 227
-294 187
-102 29
-135 236
-98 0
-105 -217
-58 -79
-269 -213
-304 350
-192 -336
34 110
279 -196
25 52
-243 74
-212 -126
316 -284
-279 -113
-279 72
-114 177
234 347
-245 -5
-204 255
113 198
-113 -288
-320 -272
159 321
263 141
208 -236
77 -222
316 63
-111 15
-32 4
-113 -87
-130 305
-140 -77
-319 195
-151 276
-137 -95
-275 187
-333 -198
-291 -330
-51 -229
-111 -222
145 -88
239 -133
301 -123
-305 183
152 -297
-275 -107
-281 336
-276 -214
71 -201
287 6
97 143
328 -290
334 -67
80 267
-40 -222
46 158
-290 188
56 225
-263 264
-298 262
225 212
-145 349
-131 234
290 320
348 175
67 -73
-147 212
-27 -121
174 199
-76 -62
312 222
-221 -257
-282 -223
40 250
-185 215
250 -141
-239 -324
-74 112
217 -292
51 165
294 -123
-328 -30
51 103
260 -84
-112 293
132 43
313 -46
263 -157
-157 196
-111 241
-52 -36
-82 19
268 -190
-85 -252
332 266
-25 -42
149 228
-51 342
136 -151
42 -137
-51 95
-312 -101
327 293
-335 -320
20 66
216 102
-118 -63
-302 343
199 287
-100 -168
109 -285
-82 234
-350 260
-162 -312
-112 225
-335 266
33 -46
90 169
-324 -147
268 196
-266 -66
3 15
-52 212
344 -286
-99 156
8 -207
-232 179
338 -78
-163 -275
275 -338
218 348
-247 -304
236 94
253 -191
167 28
-241 149
73 -202
127 68
38 200
240 255
-173 257
349 220
-135 342
277 -56
-114 58
185 -7
-264 41
-84 48
-343 189
-100 98
-56 208
38 287
-327 -2
-272 70
25 -171
-282 313
177 -310
-147 280
-165 -327
-190 -141
-14 214
54 -105
287 153
-145 264
-157 -24
290 54
258 17
-188 -190
-268 128
-44 -104
118 38
9 185
-4 204
60 157
-162 338
323 148
-7 -294
140 314
-61 247
-137 -302
124 142
46 252
-15 199
-151 -317
26 241
-37 284
17 -39
-175 202
-280 171
341 -312
-26 -294
47 -164
-50 -263
-89 -211
-26 -186
97 -66
-258 280
-69 -340
-348 204
1 -123
-255 185
299 -196
23 257
271 -183
166 76
-198 -226
-132 296
-12 251
-215 300
211 -231
-128 -115
180 -77
94 -132
347 246
218 -347
275 -165
71 135
99 313
-280 3
192 30
-24 -69
294 -41
288 -134
-220 -332
-251 156
268 260
64 -318
57 -175
-153 -48
-147 -101
-65 174
93 319
-35 -44
-135 -307
-87 233
-151 -99
-167 170
307 274
286 250
-336 -273
202 -244
123 201
-222 334
-234 337
40 347
-14 310
153 27
159 138
-41 152
-84 -290
241 -111
-212 -192
214 -301
25 -278
-25 114
-291 175
-151 -179
-167 -336
-340 290
170 206
95 194
147 -257
-170 -309
-232 311
-191 -64
268 -88
-192 144
335 344
-66 38
-150 10
197 27
-290 251
-57 -13
-96 -232
-146 266
138 94
79 140
-165 117
-34 230
-95 267
-72 330
62 -305
-86 -125
302 -329
-221 292
317 172
-60 183
5 -294
-206 -224
142 -118
2 -43
-184 -115
-110 -3
-326 230
293 257
56 324
335 -120
102 -302
-49 279
145 236
258 333
-289 -30
-69 -58
131 -48
-285 174
-221 -319
-350 -198
-154 -274
-312 -322
-130 -30
-42 -350
108 -259
-107 132
-104 193
110 227
-324 310
306 -152
-70 37
73 -218
339 105
8 248
-234 -42
-158 8
82 174
-203 17
-190 -207
-126 -151
242 261
-21 295
213 212
-115 18
-97 260
212 190
-243 -249
-193 7
152 -158
-146 -12
-214 211
173 -331
129 321
-271 288
307 -266
256 283
159 -155
279 -245
-104 -208
-251 -131
337 -319
286 270
102 -151
211 -51
129 170
336 -260
-132 291
93 78
89 113
15 -239
-180 -181
-332 342
220 -118
-15 118
-48 -101
-237 14
-101 224
145 -38
189 -287
-15 -141
306 -19
301 -300
-313 -204
-289 15
154 339
57 137
-168 -53
-80 -63
-223 -54
-203 -348
281 257
33 50
337 118
-276 255
-210 166
-101 342
34 201
-106 201
-81 -194
-274 -279
20 -221
-39 -39
104 203
-147 82
-316 176
-66 253
265 281
-37 72
44 110
220 13
-249 231
-13 -324
211 -325
118 -327
204 -78
-280 68
278 -208
105 -228
-23 173
54 -56
286 312
180 -194
-340 -38
182 -329
67 -14
237 -345
88 -91
-119 23
-61 265
221 -191
-59 -48
231 257
5 7
258 179
-88 -2
-171 -132
-159 271
313 -125
-123 11
270 184
-11 -23
198 -269
-104 17
-176 -97
172 -329
69 -17
113 -238
174 -88
-297 59
148 -312
-251 -261
-278 37
-183 -313
266 330
-332 64
67 -297
132 -135
-197 326
233 -14
154 298
-248 -63
54 162
209 -176
61 60
-214 241
30 -279
-89 -320
116 -238
-9 -208
-256 288
325 107
189 78
-316 191
326 191
86 -52
276 -105
225 35
-297 49
-27 -194
-303 -237
270 6
-176 29
257 137
-9 116
-145 -186
329 116
172 -109
-201 231
-125 152
-71 285
-8 -183
-184 -212
210 -100
77 245
312 -311
215 -114
54 -15
108 235
-145 -94
-238 339
186 283
84 -106
350 -255
73 -287
103 210
41 117
-260 175
-327 309
-283 -307
77 -286
283 -60
-265 -56
60 -99
-133 74
-162 -2
-105 -312
-225 -266
-55 -52
-210 -271
235 -244
184 -127
-158 -210
95 -176
249 -172
-133 -182
-259 -170
218 -247
213 45
135 78
-62 117
174 297
-208 79
-326 -5
-127 -342
-98 212
-243 -335
-170 -81
230 -18
168 -168
-192 -142
61 306
311 242
-153 -238
74 -219
70 173
-183 -156
-222 64
316 -292
7 173
-220 -275
-236 49
299 -208
223 -148
10 -295
2 -189
-185 -256
-187 -331
-56 -163
-313 312
-329 1
21 -44
-35 -108
-172 -154
266 -257
311 62
319 213
-44 -241
-16 15
-260 8
199 -348
60 -327
10 -20
162 -10
-330 325
239 77
-147 -69
26 51
-285 171
-25 256
-63 -335
-338 41
-75 175
-201 269
-105 -58
-228 239
166 158
160 117
337 -51
152 249
-276 -25
-319 -47
-178 56
75 152
-282 -56
-23 -142
-213 -301
-262 262
136 274
-330 -216
-348 350
53 163
-181 -221
235 -79
-289 67
81 -152
319 163
-187 250
86 203
-46 321
166 17
217 65
-287 237
222 -113
72 348
-51 184
-88 76
300 307
307 141
80 232
-297 -235
-182 46
-251 -277
189 -52
182 -24
22 -252
-203 19
9 -272
-232 -120
-155 63
97 -27
275 -10
130 73
-89 15
295 131
212 -90
153 -264
-78 -84
133 -215
170 163
114 269
-218 -299
176 -70
-111 -245
-145 48
118 -268
-49 157
168 -26
77 -151
-150 -100
286 -234
325 -111
-78 95
303 44
-77 109
-347 297
-240 -64
-196 -190
278 -303
42 -1
-257 326
-219 24
140 251
-349 24
-263 -154
-49 -104
156 -302
185 -233
-43 -71
-316 -68
242 30
168 71
67 -157
54 -82
-105 199
339 270
-348 -269
-31 211
45 -333
252 -304
33 178
268 21
114 -240
71 -106
-318 134
133 183
298 -197
-174 201
337 273
306 25
-245 -329
-348 307
-143 233
-106 112
-303 124
-27 122
-277 -50
-260 147
244 345
74 -203
274 -134
248 -34
-77 -205
343 333
-194 239
11 -43
2 218
231 -280
16 -132
-176 13
-129 -229
-321 -142
-248 312
272 189
212 88
-116 105
274 170
57 138
-349 291
-114 212
305 320
313 123
-192 -164
-219 84
-90 -211
303 291
193 -294
250 26
-183 -199
235 266
-338 -280
181 34
120 -51
216 -193
-255 -305
-155 -156
-333 -182
177 107
-158 -321
-29 -98
-69 -331
-15 -67
327 189
-13 -27
319 -84
-141 -118
104 -342
-335 -257
6 288
130 161
41 -139
235 217
192 107
-320 -291
302 36
-92 100
9 -242
-6 216
-240 17
178 305
-190 -148
-173 178
-73 217
-206 157
142 -247
-320 -327
349 260
-123 -192
-260 -38
244 -88
5 -94
-257 104
-11 -87
-345 -10
66 286
-314 164
-94 237
182 -192
-86 93
-63 40
101 300
-5 -287
281 172
-169 -137
181 144
173 -200
-16 9
-164 -5
-14 -21
119 156
185 -179
-291 -324
107 -281
133 71
84 98
126 46
-114 23
51 -30
-50 130
282 33
-250 107
-25 -317
292 -322
-329 303
-325 282
-193 -8
169 41
277 -306
-319 -253
-246 -171
66 -84
267 289
-341 -141
78 -187
-86 29
250 242
-254 -30
66 -188
-51 -88
271 -342
-176 -155
224 -217
-152 149
248 222
-42 231
-324 -301
-99 -120
-300 -152
278 -234
-248 -296
-70 -198
-335 -250
39 174
-28 -318
59 47
42 77
57 -288
220 154
62 91
-255 133
50 180
-349 -91
311 40
301 -335
-51 -225
-303 304
-325 -41
-88 160
-79 -9
299 349
-116 26
-329 60
98 225
-6 -24
305 285
332 -135
-209 184
306 304
-91 163
54 -74
-174 53
27 78
308 -247
307 177
46 -281
-72 -3
-42 223
-295 305
-286 -333
120 137
282 87
-7 -279
-348 -243
75 245
271 281
-290 -343
-242 173
112 292
330 -301
112 243
79 -321
-69 314
18 150
19 -8
325 99
30 221
-179 -131
6 -95
-265 253
214 -106
188 -320
-157 107
-333 340
124 -115
-116 228
-82 -86
13 323
8 -257
-331 26
35 -140
-158 -24
-268 6
-150 -229
-197 293
-217 290
199 296
321 -277
-19 -203
277 157
294 -263
172 -80
-115 29
67 -227
273 216
42 -220
115 -47
-235 6
44 -90
143 245
106 323
129 285
295 -79
77 -40
271 -177
30 -28
-284 205
-345 -314
-54 -220
2 321
335 -59
-190 -204
29 91
202 140
-24 174
-254 171
14 36
-208 104
322 297
305 338
-206 164
-287 107
-225 92
-120 -157
-230 320
-19 -41
232 313
-33 -343
-56 315
252 -128
147 -111
241 -202
-291 226
-196 180
259 -85
-133 -40
-237 239
26 221
42 -225
262 329
190 104
-123 345
-179 -8
248 -155
-220 253
-187 -219
-265 128
-219 -239
13 -75
91 -218
-10 298
-199 131
322 336
247 300
278 -63
-12 -12
-336 -242
-302 247
-279 105
200 234
312 257
213 6
153 -37
-266 -108
-163 -4
325 90
13 -62
318 71
-277 100
40 -219
340 52
-147 139
2 77
237 -105
-228 217
-297 116
241 166
-97 73
-185 34
148 -72
-75 -282
187 -22
-54 224
269 -88
87 -227
-325 75
-221 -187
80 -281
95 -7
1 -168
68 -6
-120 112
138 333
-211 -233
-118 -306
287 172
-224 332
-73 134
106 334
-274 111
-96 347
-199 323
30 250
25 -338
302 106
-73 -144
179 -294
-302 -185
-88 -241
-22 298
61 -132
-147 31
270 246
142 106
-290 53
-146 277
-55 -182
-55 258
256 -100
8 61
250 -90
346 143
257 -72
-329 -10
-184 233
64 -320
-71 346
-333 306
-59 -276
267 284
171 236
318 227
-297 263
121 -103
220 206
-3 164
206 -215
-67 -11
-174 224
96 225
-275 212
-82 166
-128 183
298 221
-256 -270
93 132
328 -309
122 163
-343 -3
-53 -92
-148 -231
-257 -113
-144 -249
-271 -318
236 45
-17 105
-243 36
-19 -231
-189 248
-149 213
51 11
41 -52
257 -65
279 -127
-236 -87
-280 -328
-278 -314
-206 95
290 133
-202 -170
-69 279
-109 -192
-210 -258
287 38
82 -164
-151 163
-284 -6
-289 107
300 -163
74 -301
41 175
-37 -199
-157 -314
-129 -207
-144 -232
217 176
127 329
178 -155
159 247
-310 -252
-38 -117
22 -143
51 -28
299 -219
187 -337
-60 -106
175 53
-233 44
112 56
-289 -10
-3 260
72 -92
198 193
-188 -296
-173 106
64 -187
-195 235
-65 72
319 -7
162 202
-258 82
294 -38
-45 -305
0 287
75 -191
231 -46
105 -195
3 -108
-199 301
-148 -84
-318 -69
-182 298
185 -257
-196 -127
280 326
283 -283
34 13
189 -296
-41 175
-237 227
-276 104
174 131
195 -64
107 -295
22 343
-191 264
110 280
162 -336
-58 -243
282 -123
300 100
-262 4
-98 62
198 -326
294 -145
40 -167
159 -15
17 124
-97 68
-44 -99
167 27
-62 -14
-281 289
170 -49
160 13
317 169
-73 -203
-143 84
-133 -90
-7 -79
-301 85
-229 215
244 55
-319 87
7 -194
203 276
-90 106
109 284
168 -91
108 -260
-184 84
77 -62
-20 -283
-62 -39
73 327
163 -91
143 -293
169 -138
263 63
-283 17
-279 -157
-287 279
-151 -56
183 -3
-197 -301
-16 -182
-31 293
152 205
-102 325
34 -162
54 104
177 2
-292 328
-13 15
92 -35
-284 279
-237 -268
24 -345
58 -345
154 291
-318 -45
153 -193
35 -232
-75 130
152 -14
-321 268
93 -200
10 -7
170 184
-242 -68
-27 -267
139 -167
208 -114
-140 341
-42 -268
270 -115
81 258
56 -33
199 23
182 151
-222 308
10 -331
140 -25
-140 -336
317 312
-213 -66
-107 -51
-342 -201
-265 -234
-330 307
298 124
-64 313
181 -84
-322 209
270 281
-142 196
-176 334
-79 245
-170 338
-79 344
-183 61
256 60
-320 321
-147 65
-11 -250
260 246
245 170
-199 6
-337 -170
35 217
6 142
80 -291
283 189
110 245
265 -49
312 -116
-186 -248
-217 -134
-52 -269
90 326
-28 165
-69 41
-59 -221
241 -97
-220 33
331 177
-163 243
216 -247
-347 -81
-308 -54
-343 -191
184 68
-265 344
151 147
207 41
147 86
-269 -133
-332 -11
35 263
269 -240
37 104
-122 73
-98 -172
-200 -117
95 265
-330 -254
-175 -326
58 303
-87 -178
157 -59
174 278
266 232
-295 -254
189 73
-88 349
127 -35
195 72
-116 -189
-74 -133
73 -136
216 -205
80 -274
-339 -102
-184 -75
-25 -296
63 0
-267 218
-229 282
237 115
-281 279
290 52
44 225
-28 171
-310 28
26 272
164 -68
188 -297
292 -197
298 225
-153 -104
242 -303
-306 93
289 7
-173 258
-71 -8
131 14
158 -180
-195 70
215 -241
141 -306
223 44
67 48
209 74
56 -260
262 66
144 38
-179 105
98 -32
17 30
26 316
215 221
-154 -63
-115 9
162 302
248 32
-105 -211
-210 6
49 15
-227 320
268 160
48 305
-347 152
5 59
-33 -119
-128 322
78 -158
313 -277
-123 77
-134 52
276 -28
-127 -187
193 -159
276 295
232 16
22 212
-278 -3
-141 -197
-250 99
-60 -91
-197 -346
88 276
200 -19
-50 -272
-112 239
222 161
-311 347
-107 -131
-46 -34
39 43
247 -291
-340 348
228 -294
190 -273
-80 169
102 344
-244 -138
40 52
-92 289
125 158
-112 284
-165 302
-173 -92
-339 97
321 160
-343 120
160 5
251 32
303 82
238 -284
157 -53
-297 -237
-68 185
-134 -306
-24 110
262 320
-98 -131
-119 79
-337 -260
-97 -98
-285 182
64 32
111 -326
-182 310
244 285
-112 167
-269 -76
297 174
-315 194
176 -337
261 -189
-146 -45
276 179
84 -156
-73 -266
-6 220
350 -165
284 159
-287 149
-263 97
-34 272
35 -132
-62 20
-24 -151
300 -87
-5 -93
257 -198
-41 86
-282 41
-131 -95
301 -59
119 305
-244 144
151 -30
-228 135
349 -202
-18 180
-94 -300
-122 -116
140 179
-97 55
268 5
254 100
283 307
216 -187
-39 -242
267 134
-142 281
291 217
150 159
-127 -203
182 -256
-227 91
143 -117
195 143
-248 -88
-154 89
-31 19
-16 -331
-348 147
-60 -173
76 -95
-140 -1
261 -297
-181 53
0 -8
186 -157
-305 263
-270 251
274 67
292 93
-298 -79
178 -99
90 162
-314 -136
53 82
89 -177
135 -51
74 44
121 186
55 -160
82 -47
-206 112
129 221
-350 49
51 -144
-129 -215
29 -104
281 149
298 -140
-285 -61
109 -71
317 137
-66 255
-78 205
-138 -1
-240 121
50 243
-3 -125
-130 -75
248 -206
278 -140
274 8
257 213
-203 307
-279 322
-92 -73
-233 299
-247 95
44 253
-47 95
-171 -80
72 -53
227 -349
-342 -161
-340 -302
-270 314
149 120
69 338
277 55
193 -339
-150 -309
-52 -29
255 129
64 327
337 -52
-285 59
-116 -173
250 -245
-191 266
-155 224
-260 -137
-263 82
-128 186
70 -75
281 -271
89 -218
-312 -3
139 174
-327 168
-193 -149
-297 84
278 293
-235 -11
34 -340
-334 275
-16 -15
-138 50
-334 151
26 -277
20 -194
37 -310
75 -309
-299 307
-206 258
81 -138
-172 197
337 316
-338 -90
-68 95
38 227
189 225
-237 306
-117 -37
116 -226
152 -141
342 -197
35 -310
343 -212
-32 -217
-336 307
-6 327
-222 153
36 37
226 -61
310 -128
109 -65
-141 -102
-243 192
-97 246
-314 40
14 -213
31 134
326 252
206 123
318 -33
-103 -152
305 232
-4 49
244 -129
41 102
-295 82
226 -92
-253 -106
218 -255
-234 28
146 227
35 316
83 -110
-204 -48
39 144
23 50
238 -159
-2 201
195 317
-64 -47
-2 -62
100 10
-161 -202
-115 22
-329 -199
128 25
255 -12
-247 261
196 -106
329 -161
-285 -261
102 -65
-229 181
140 122
346 -282
95 -103
311 -317
343 113
-316 249
-253 -64
242 -249
-209 39
-150 -89
30 344
-242 343
87 -37
4 59
205 -103
-172 -213
-125 -80
63 -56
-204 -178
36 223
179 -123
-82 -9
-238 -25
-177 21
138 -273
-47 92
-50 216
46 -201
71 276
191 -110
61 -134
55 -96
50 -60
124 -172
219 50
75 170
67 207
-165 285
-303 -258
294 216
-124 -304
164 162
89 -288
249 65
6 228
-100 160
18 13
-27 -2
-14 299
311 303
-130 340
238 -254
76 -2
287 -141
219 290
122 -313
129 -311
85 253
67 -299
224 229
206 221
-310 53
-343 -296
98 -328
237 -312
131 92
105 31
299 66
275 -160
-168 268
55 310
-168 247
160 206
-210 8
37 84
78 41
140 241
164 -309
-216 -251
-207 14
215 -196
55 -1
93 -3
-171 -39
-9 -259
-292 115
97 286
52 245
-185 43
217 236
-165 120
340 -104
160 213
-126 -233
-303 229
-271 68
145 -347
116 -298
-112 266
-78 -194
238 -281
248 -126
-286 -158
185 313
-25 134
117 196
24 210
-285 309
58 257
-72 161
175 -61
70 -257
148 -299
136 -271
36 250
21 350
-15 -36
-41 -38
148 -9
-57 112
191 -7
-34 100
206 -199
-12 289
-100 -252
-346 -217
-41 293
-9 57
22 -316
144 295
166 58
55 260
71 -188
30 -314
17 108
15 -151
348 -279
-278 -339
-87 -32
-343 -13
-10 -3
35 -154
244 205
195 -303
-83 -56
-188 37
-120 -245
32 -311
-295 -298
-143 297
-209 -317
-318 69
288 -297
-272 -244
-115 -95
58 67
-103 -44
-194 69
46 113
339 6
-305 300
16 121
-258 343
-267 -151
-162 76
-138 110
12 33
-185 189
313 17
-282 1
28 -37
64 111
-220 -293
-254 -8
-220 46
-281 -144
220 210
-261 -109
-215 -39
-82 -250
-242 166
141 -295
99 -4
-123 154
238 111
37 183
-284 44
-171 333
72 271
-178 -331
244 167
42 44
219 52
279 -181
-287 23
-340 345
-130 -177
11 92
-120 -258
-147 -337
-120 172
-27 -135
275 -262
-120 274
166 -226
107 261
147 174
77 -21
181 331
-66 278
-114 -24
167 225
155 -99
201 324
-30 -254
78 -225
-330 -243
-103 -93
-202 277
-264 336
-32 -7
-336 246
26 12
147 -163
-111 302
300 215
-77 -180
-131 5
294 261
221 193
-141 38
-151 328
258 -157
-210 -92
-292 194
230 104
59 118
287 -236
56 220
224 36
-25 211
-208 -141
234 -245
-30 -51
256 -335
-49 237
246 178
308 -348
-245 -290
290 -319
-110 92
249 -174
-309 -3
47 -325
-171 108
240 -67
-10 -84
20 196
-266 198
-257 118
-193 10
171 250
49 -142
170 84
-277 96
321 -333
31 -103
-319 -209
88 91
148 -127
17 -211
72 -229
-143 -156
-175 -94
84 272
-74 330
280 171
350 -304
197 207
-85 -225
71 270
276 100
-115 -213
-92 302
75 -36
-215 131
190 -267
-265 -282
14 307
209 55
-108 340
-44 194
-205 176
266 199
292 34
-175 109
317 347
85 304
-46 98
209 -46
-330 -12
-86 -324
-104 -73
77 192
-251 -184
247 -159
264 61
-195 -260
1 -306
105 -207
-49 337
-40 246
-31 232
239 199
55 -18
231 148
-218 -348
94 -114
-105 -88
-128 -246
-72 345
334 271
113 154
-273 36
247 -88
-78 39
39 -167
-186 -227
285 -273
-216 252
170 287
-227 78
-249 1
-348 -302
-277 145
-224 -347
-129 -254
225 -282
98 47
260 275
-111 -161
-216 5
34 276
-152 198
-118 -91
-144 65
-267 309
-144 331
346 -241
106 6
-220 26
-34 -78
-186 -215
224 314
-156 -317
-253 102
-265 347
-300 -82
-296 -247
347 47
-285 106
240 -260
-110 248
250 -259
114 -3
-347 327
48 219
240 326
-283 23
10 211
135 -94
180 -196
-25 192