100
787 -816
-198 541
260 -877
-151 223
837 111
-41 828
229 61
218 658
149 699
486 -224
-487 -676
652 14
-293 224
998 390
-437 -982
-154 -768
-179 -726
-601 -318
-66 183
709 -601
159 -537
-471 -359
515 -926
192 -732
-531 -38
-697 882
-251 450
-715 -402
252 254
82 574
502 710
487 -617
62 -464
849 -466
-596 676
433 197
-925 153
-849 12
559 -986
300 888
-353 -486
-121 609
-500 121
-664 -765
-841 428
477 740
-434 -721
-1000 129
-759 990
-614 861
-709 645
-282 611
-502 -887
807 -725
790 -936
481 301
-681 -519
73 -842
-483 -358
-239 709
878 500
350 -376
-281 216
-990 -167
-569 971
17 292
520 -714
-5 697
41 397
-220 -809
-98 -898
585 -943
-657 748
785 -933
354 640
964 137
159 -372
-276 253
-216 -928
-550 506
913 820
956 599
340 -873
-1 -769
-712 536
-959 161
-740 508
-572 -843
-342 -172
-995 -166
-937 770
-719 -557
437 -910
106 -487
157 -635
-681 124
-412 165
255 167
966 -402
-435 -85